-1.999954416023667747e+01 1.564203153264454417e-03
-1.443472381498898649e+01 -1.162727177186866001e+01
-1.908140172860229811e+01 1.278064092202102486e-03
-1.999954416023667747e+01 1.564203153264454417e-03
-1.704020417303799206e+01 -3.883057034523792250e+00
-1.794191623967707727e+01 -3.875004265609245824e+00
-1.564215108554606104e+01 -7.753100543890603547e+00
-1.587980012510838890e+01 -7.749601079802573622e+00
-1.500794338147690965e+01 -1.018107836877115346e+01
-1.898571267479189473e+01 -1.545058004814664487e-01
-1.499064100680709011e+01 -1.024926488954415760e+01
-1.859013611135620891e+01 -1.318536185742285927e+00
-1.797961390603247978e+01 -3.852217639805251004e+00
-1.871418001042319545e+01 -8.579816457557171150e-01
-1.679035573288923899e+01 -4.499221855486355892e+00
-1.866735742303868051e+01 -1.021965669657773468e+00
-1.853022997901794255e+01 -1.571701946190703802e+00
-1.862508437732829236e+01 -1.180867978809924335e+00
-1.833024254695764199e+01 -2.519533003126599446e+00
-1.698356089846230788e+01 -3.983278623069482549e+00
-1.863203314488113804e+01 -1.154051368653744802e+00
-1.444546064906602822e+01 -1.162276739578088502e+01
-1.502339413417085723e+01 -1.011722069877669128e+01
-1.677052651138055239e+01 -4.568796396143207872e+00
-1.544443069538137792e+01 -8.373033975679614827e+00
-1.602107676097660161e+01 -7.608324627702976350e+00
-1.591052707876779593e+01 -7.742801537735523709e+00
-1.620619712105188626e+01 -7.094270003725865692e+00
-1.460842556013026261e+01 -1.144635075425556892e+01
-1.683417902605306793e+01 -4.348445706005941602e+00
-1.852296888754313642e+01 -1.603605113344094057e+00
-1.848274622195342687e+01 -1.784682972423843772e+00
-1.553618165396167328e+01 -8.061437278548584828e+00
-1.641554813483573128e+01 -6.224591128096536252e+00
-1.903794390794411129e+01 -6.365131026953640969e-02
-1.860888093317297276e+01 -1.243201025238047430e+00
-1.873568727518475185e+01 -7.858346146902305263e-01
-1.507938373150490641e+01 -9.848133630599008370e+00
-1.656176379748202976e+01 -5.516250350198482089e+00
-1.857920548764619895e+01 -1.363342394353146414e+00
-1.857150423262958583e+01 -1.395291729952190307e+00
-1.638599532355071631e+01 -6.360077293535024268e+00
-1.801001917435454303e+01 -3.806622385067433889e+00
-1.486479579855117095e+01 -1.072040883476775264e+01
-1.860527412330078789e+01 -1.257547587856618687e+00
-1.539063583718755801e+01 -8.587364358916445894e+00
-1.701151026890111240e+01 -3.933351995047784655e+00
-1.825583652779439348e+01 -2.886060279799723016e+00
-1.630668035296633889e+01 -6.681292052690171346e+00
-1.888564210327346160e+01 -3.651188987914446571e-01
-1.454622615126802110e+01 -1.152963622766811369e+01
-1.840383146261379466e+01 -2.158030668746119485e+00
-1.670601352189547839e+01 -4.810470521118857867e+00
-1.559339285921394946e+01 -7.860982948430649486e+00
-1.681148803630766508e+01 -4.407311202667442807e+00
-1.815725873445390448e+01 -3.335050952647728106e+00
-1.661477352551652586e+01 -5.269884316583546280e+00
-1.482798959940273598e+01 -1.086233937392281845e+01
-1.497712064003890831e+01 -1.030437173522636840e+01
-1.672254404665525129e+01 -4.746390901021252162e+00
-1.832662417169326119e+01 -2.537425519205480651e+00
-1.546234241043659097e+01 -8.285582474884495952e+00
-1.554875284969248739e+01 -8.015805013582038896e+00
-1.654091908951025403e+01 -5.631351251512856315e+00
-1.537664556526694781e+01 -8.606444282505176346e+00
-1.604983434589707869e+01 -7.548458538786539940e+00
-1.821752810287332025e+01 -3.066620491248435165e+00
-1.598174942799392539e+01 -7.678703541519908526e+00
-1.661016849059103606e+01 -5.290353943023935024e+00
-1.489699868563477025e+01 -1.059837935204089376e+01
-1.667460353091667358e+01 -4.963614039303802628e+00
-1.492026687220847592e+01 -1.052769827587811413e+01
-1.850984939353133996e+01 -1.661874506147000385e+00
-1.594360350145171701e+01 -7.719374474761553806e+00
-1.695203584083083115e+01 -4.022672023205534408e+00
-1.828665279778522290e+01 -2.735966181001256992e+00
-1.621374779782293274e+01 -7.062599526229391245e+00
-1.463104922277387665e+01 -1.139584228761115980e+01
-1.803757649293970644e+01 -3.746802128579938440e+00
-1.796782694948200287e+01 -3.863501887898532772e+00
-1.673626925331431892e+01 -4.704695348161402890e+00
-1.887346465286148600e+01 -3.945246510647609783e-01
-1.607746827681616253e+01 -7.474509810978656077e+00
-1.543187553248591826e+01 -8.430381031471871012e+00
-1.604983434589707869e+01 -7.548458538786539940e+00
-1.541293334128711656e+01 -8.500793823277836836e+00
-1.701568990932532444e+01 -3.926121508281036565e+00
-1.637496625655353100e+01 -6.391023615275760683e+00
-1.448271613956124071e+01 -1.161360595199835188e+01
-1.562687506865342790e+01 -7.793306158519452964e+00
-1.478940232234368146e+01 -1.098792961270957491e+01
-1.655305615816118348e+01 -5.573570801764027749e+00
-1.612823772803672639e+01 -7.346298366870170682e+00
-1.490971196539880239e+01 -1.056815203278054227e+01
-1.668656454286242052e+01 -4.915610633344806857e+00
-1.519756654787978079e+01 -9.369583794742000649e+00
-1.692593023689622811e+01 -4.108385690015864178e+00
-1.487994275239627839e+01 -1.067943578392651993e+01
-1.821486973672383414e+01 -3.078985595887802074e+00
-1.503963233171489122e+01 -1.004625421880101044e+01
-1.640337308344090772e+01 -6.271105143037166485e+00
-1.481352037305286018e+01 -1.087519285686518522e+01
-1.896293979322224033e+01 -1.980361523073959074e-01
-1.484120152165554174e+01 -1.081552919836844673e+01
-1.600691543792240168e+01 -7.637180781965296816e+00
-1.905842639753004164e+01 -3.195231450698698961e-02
-1.541701198457747957e+01 -8.452707268798462792e+00
-1.875407714980848795e+01 -7.272591208322942702e-01
-1.839892837470413056e+01 -2.183257806290196612e+00
-1.890224471765359482e+01 -3.263398726542341421e-01
-1.509726978740775927e+01 -9.809093936328393326e+00
-1.829665233640844235e+01 -2.685393338044379963e+00
-1.627110925979237521e+01 -6.841512103595511540e+00
-1.510871154973969688e+01 -9.754881430894734251e+00
-1.517739467956960198e+01 -9.466917688165313649e+00
-1.841490836742073967e+01 -2.104452309994902848e+00
-1.692012202344380611e+01 -4.121929243696893508e+00
-1.817034355407759350e+01 -3.280510621158312823e+00
-1.856074160882240420e+01 -1.440460478838730962e+00
-1.869438540656409486e+01 -9.245959278616586730e-01
-1.697003318663039195e+01 -4.007289727763614806e+00
-1.659859345274209375e+01 -5.338327037714666545e+00
-1.460569718139436191e+01 -1.146055431700425409e+01
-1.467514826031574415e+01 -1.128608213119583681e+01
-1.465669061705783527e+01 -1.133626485375093118e+01
-1.868297996645434011e+01 -9.646680329197866444e-01
-1.849610108032029387e+01 -1.723772864553419382e+00
-1.690193857706204383e+01 -4.145280850907201220e+00
-1.643977595080306742e+01 -6.091926206663342391e+00
-1.451098063430414165e+01 -1.159039566787289388e+01
-1.518687168429070944e+01 -9.426414003385037432e+00
-1.864693450182751633e+01 -1.096257137109969193e+00
-1.663807038151875872e+01 -5.152516055451621391e+00
-1.540106798978482416e+01 -8.547122244257302270e+00
-1.847008346007987001e+01 -1.844487020001608801e+00
-1.818977740180140756e+01 -3.193560292905998743e+00
-1.611185315432109633e+01 -7.398797732140543815e+00
-1.475100389333242745e+01 -1.105976368363623585e+01
-1.618175323756629780e+01 -7.144451765012751032e+00
-1.627110925979237521e+01 -6.841512103595511540e+00
-1.662530212649688011e+01 -5.212945439806923709e+00
-1.456807175687964673e+01 -1.151173067573839859e+01
-1.834623230974288788e+01 -2.441921901293735875e+00
-1.906248164361488051e+01 -2.590991797577069100e-02
-1.470440930295291082e+01 -1.120420892058497664e+01
-1.651963812989702518e+01 -5.736169210771985050e+00
-1.851163411580746043e+01 -1.653901245666015818e+00
-1.823018306910324071e+01 -3.007242277820416643e+00
-1.902767701716949489e+01 -8.029130536784490069e-02
-1.900645977487733518e+01 -1.171272844576627392e-01
-1.493317357606322560e+01 -1.047726503117292651e+01
-1.477525459408270336e+01 -1.103019087893399686e+01
-1.629346040342889523e+01 -6.738750228192790459e+00
-1.515164239745714880e+01 -9.577470281483517311e+00
-1.651963812989702518e+01 -5.736169210771985050e+00
-1.628695752726263279e+01 -6.788893177500055387e+00
-1.653172268274645873e+01 -5.676327375480300752e+00
-1.839023208764445627e+01 -2.224208675701477844e+00
-1.820316636796864884e+01 -3.132929784578179166e+00
-1.837621110717071815e+01 -2.292828704598843803e+00
-1.561150202394804865e+01 -7.836572391117136327e+00
-1.645694433967145187e+01 -6.031732492049654226e+00
-1.646964096214720286e+01 -5.974388555543986179e+00
-1.497929402915033137e+01 -1.028318116505596613e+01
-1.452766435831797232e+01 -1.154856379833703883e+01
-1.548221701671470285e+01 -8.247266371513546801e+00
-1.525710634337781357e+01 -9.129066849479038126e+00
-1.663841012192226287e+01 -5.150561215243552482e+00
-1.481054036915844208e+01 -1.092000499120229229e+01
-1.520775515445599702e+01 -9.337341580699025201e+00
-1.545416246687778994e+01 -8.347492332705140683e+00
-1.886416670864785772e+01 -4.175304133398443085e-01
-1.505290352690269273e+01 -9.984743265483443153e+00
-1.820316636796864884e+01 -3.132929784578179166e+00
-1.633280858515970380e+01 -6.564937884882024122e+00
-1.496310995968496727e+01 -1.035665741490820579e+01
-1.816776437572491787e+01 -3.290328083093186251e+00
-1.529023146617977424e+01 -8.990496962958435034e+00
-1.646964096214720286e+01 -5.974388555543986179e+00
-1.658636186580758576e+01 -5.405191550825191982e+00
-1.811111199640517100e+01 -3.517775868003629292e+00
-1.688452697398152935e+01 -4.212650147643257625e+00
-1.896293979322224033e+01 -1.980361523073959074e-01
-1.523584487027924084e+01 -9.218639184744375825e+00
-1.524835076648433585e+01 -9.163620238918845473e+00
-1.522180727548639112e+01 -9.256931565739606071e+00
-1.870884122799009575e+01 -8.748953137843222816e-01
-1.666866025711368593e+01 -5.004412009810135231e+00
-1.531545916877763425e+01 -8.887429164843123175e+00
-1.587980012510838890e+01 -7.749601079802573622e+00
-1.665010752871593525e+01 -5.094136728854540053e+00
-1.676736648534032881e+01 -4.574410976455876465e+00
-1.675451456926719374e+01 -4.627550183937456652e+00
-1.473632359400328440e+01 -1.113990024375424248e+01
-1.823927147983300756e+01 -2.964120867542455517e+00
-1.689968143500842501e+01 -4.166098612439478543e+00
-1.644530818730742538e+01 -6.087285563508723740e+00
-1.645694433967145187e+01 -6.031732492049654226e+00
-1.855328517252426579e+01 -1.472103191891964480e+00
-1.674779003473605599e+01 -4.649303953785895338e+00
-1.669872935149609106e+01 -4.864168514436935986e+00
-1.451098063430414165e+01 -1.159039566787289388e+01
-1.625727453927748556e+01 -6.905860507387431291e+00
-1.615504340281758999e+01 -7.264915115272349233e+00
-1.854449981437463180e+01 -1.509746070155174369e+00
-1.475097614081799691e+01 -1.109380236197550929e+01
-1.843343801916185853e+01 -2.015579188855802784e+00
-1.843762537122640310e+01 -1.995639223874066337e+00
-1.493317357606322560e+01 -1.047726503117292651e+01
-1.558363501542715035e+01 -7.916549557279257243e+00
-1.623637962656060552e+01 -6.982565405756000487e+00
-1.506752368056169900e+01 -9.933826902392240754e+00
-1.807388347110811821e+01 -3.646029234290985688e+00
-1.808796388059131388e+01 -3.599295319820098094e+00
-1.650708485297924710e+01 -5.796226545773014216e+00
-1.818203947431933187e+01 -3.228015377673350450e+00
-1.831510861210264807e+01 -2.594349112799604562e+00
-1.684160145908014528e+01 -4.319508024678001767e+00
-1.532027072554905445e+01 -8.844580790014447302e+00
-1.836410880806863943e+01 -2.352314975371140537e+00
-1.468179121024316203e+01 -1.124763191250722727e+01
-1.889778746747786187e+01 -3.366029298362535060e-01
-1.680133014262470681e+01 -4.462776671323461564e+00
-1.485391053327458621e+01 -1.076204672571356369e+01
-1.826658841735647698e+01 -2.832563618380663506e+00
-1.483872602078956149e+01 -1.082490747854891211e+01
-1.558900972797369633e+01 -7.895719859600102808e+00
-1.623637962656060552e+01 -6.982565405756000487e+00
-1.480099799355148349e+01 -1.093216093481733608e+01
-1.487582259507566107e+01 -1.069427708698973589e+01
-1.824539046611788606e+01 -2.934888135885272753e+00
-1.502815579952278924e+01 -1.009661063878604992e+01
-1.877063491916106130e+01 -6.762084950462928790e-01
-1.550718455347076308e+01 -8.159596077217694088e+00
-1.506752368056169900e+01 -9.933826902392240754e+00
-1.468769882089404177e+01 -1.123653343757956691e+01
-1.614072123637986778e+01 -7.312590509557299612e+00
-1.686870308057985213e+01 -4.250665531348660764e+00
-1.831510861210264807e+01 -2.594349112799604562e+00
-1.794608655750206694e+01 -3.874068411284049329e+00
-1.668385757933406666e+01 -4.930214111635029539e+00
-1.478526332289308698e+01 -1.099690982768211001e+01
-1.458721131051509801e+01 -1.148961940556168315e+01
-1.619345973075292733e+01 -7.142815149957559839e+00
-1.891851910908174972e+01 -2.897808474917817900e-01
-1.826658841735647698e+01 -2.832563618380663506e+00
-1.494755620679032582e+01 -1.042262230599030559e+01
-1.643131264503229971e+01 -6.148090332876034125e+00
-1.659859345274209375e+01 -5.338327037714666545e+00
-1.694033979514496480e+01 -4.039561568596738539e+00
-1.516017309127546930e+01 -9.540590742228793886e+00
-1.513823831175281853e+01 -9.634434417520768790e+00
-1.688452697398152935e+01 -4.212650147643257625e+00
-1.839023208764445627e+01 -2.224208675701477844e+00
-1.673248307003612467e+01 -4.718528973350767153e+00
-1.472095236440643973e+01 -1.117723035294419986e+01
-1.526842996678645648e+01 -9.081150803975241104e+00
-1.846057589899380957e+01 -1.887396930544703810e+00
-1.649823587838527672e+01 -5.813641465892476212e+00
-1.540551551177952838e+01 -8.530065057065653988e+00
-1.550262368808551372e+01 -8.175383305590052885e+00
-1.511542483895301636e+01 -9.699242760532699847e+00
-1.649108686806030022e+01 -5.867931300150162954e+00
-1.845881859346036435e+01 -1.895619045843066619e+00
-1.829178770639595797e+01 -2.709323764089173636e+00
-1.531059347832448836e+01 -8.906696449405306026e+00
-1.634956719886480059e+01 -6.519847903768374309e+00
-1.494755620679032582e+01 -1.042262230599030559e+01
-1.865870198624358167e+01 -1.052476470805732589e+00
-1.805103712672785221e+01 -3.711882632912837821e+00
-1.825013126680877562e+01 -2.912138251865503236e+00
-1.470361667417721918e+01 -1.122512650820475422e+01
-1.622413511860451507e+01 -7.031351237600636850e+00
-1.548221701671470285e+01 -8.247266371513546801e+00
-1.527688355824027511e+01 -9.044177560871396793e+00
-1.473632359400328440e+01 -1.113990024375424248e+01
-1.827735089980730265e+01 -2.781519957206642690e+00
-1.880897040709577794e+01 -5.641240671446680066e-01
-1.836410880806863943e+01 -2.352314975371140537e+00
-1.456494318965875756e+01 -1.152490531118258232e+01
-1.522716677372149441e+01 -9.235308519941892058e+00
-1.854449981437463180e+01 -1.509746070155174369e+00
-1.533550533322637222e+01 -8.805467574246669926e+00
-1.636735669663398696e+01 -6.431566957922084882e+00
-1.617550412658584946e+01 -7.190317596390335630e+00
-1.507863662693749163e+01 -9.888376428542036578e+00
-1.809688280550973261e+01 -3.568796435278475787e+00
-1.657648390253132220e+01 -5.443886479252173061e+00
-1.448271613956124071e+01 -1.161360595199835188e+01
-1.813232216490683157e+01 -3.436810976937954898e+00
-1.642178600509911490e+01 -6.189434322636136798e+00
-1.827735089980730265e+01 -2.781519957206642690e+00
-1.639188076909482561e+01 -6.309881954997071496e+00
-1.635196520700915812e+01 -6.487264449853803683e+00
-1.511196823313909476e+01 -9.747025235195110326e+00
-1.665727924799384141e+01 -5.058810326465409624e+00
-1.879743400288137778e+01 -5.969599909915322966e-01
-1.505290352690269273e+01 -9.984743265483443153e+00
-1.685836999826331351e+01 -4.257680129293636817e+00
-1.610735697588470927e+01 -7.412389894783412814e+00
-1.704020417303799206e+01 -3.883057034523792250e+00
-1.682086734514317072e+01 -4.396147593352984551e+00
-1.464846905300298374e+01 -1.137185066380590293e+01
-1.609648378961583859e+01 -7.430936917291829147e+00
-1.596307848633482607e+01 -7.698380239380159473e+00
-1.527688355824027511e+01 -9.044177560871396793e+00
-1.834623230974288788e+01 -2.441921901293735875e+00
-1.592423450054269374e+01 -7.732401077592318650e+00
-1.606815945163372561e+01 -7.511749266558509497e+00
-1.830512598565746885e+01 -2.643634616367712464e+00
-1.624922421325255328e+01 -6.932182121426775367e+00
-1.685607555960519477e+01 -4.290149876226402981e+00
-1.599195653324366617e+01 -7.662648199742211119e+00
-1.801001917435454303e+01 -3.806622385067433889e+00
-1.802530987555117648e+01 -3.775449310853085549e+00
-1.894247770501646144e+01 -2.394294475471945294e-01
-1.845006406160651835e+01 -1.936746721206669575e+00
-1.536023635426658984e+01 -8.702866187235756001e+00
-1.556771081236858834e+01 -7.959009859014827271e+00
-1.648182632476075327e+01 -5.917826289670180984e+00
-1.806115806489165720e+01 -3.683369394503714922e+00
-1.807388347110811821e+01 -3.646029234290985688e+00
-1.458721131051509801e+01 -1.148961940556168315e+01
-1.669872935149609106e+01 -4.864168514436935986e+00
-1.472095236440643973e+01 -1.117723035294419986e+01
-1.529920222117045725e+01 -8.953467576493011393e+00
-1.804704327252790108e+01 -3.722609944260926618e+00
-1.648727866198269254e+01 -5.883866268389786214e+00
-1.878631823820543190e+01 -6.293254435780983869e-01
-1.552543866269510531e+01 -8.091251699190035396e+00
-1.869243458647088829e+01 -9.313963362359352072e-01
-1.811318154361864430e+01 -3.510125651454990781e+00
-1.835229208819056979e+01 -2.411998971134605263e+00
-1.885619938669398010e+01 -4.386063232789534361e-01
-1.464584379261167868e+01 -1.138006529579282144e+01
-1.628695752726263279e+01 -6.788893177500055387e+00
-1.516300711559677517e+01 -9.529069074182647370e+00
-1.653326160366481190e+01 -5.660247692532578867e+00
-1.509726978740775927e+01 -9.809093936328393326e+00
-1.640085263609467958e+01 -6.289727418611802179e+00
-1.616446492932416135e+01 -7.230235410266610430e+00
-1.815064334988119299e+01 -3.362675692093370028e+00
-1.596307848633482607e+01 -7.698380239380159473e+00
-1.837621110717071815e+01 -2.292828704598843803e+00
-1.609648378961583859e+01 -7.430936917291829147e+00
-1.882294504797423684e+01 -5.253722731908299082e-01
-1.491504567043027762e+01 -1.054036334550103859e+01
-1.495675213971645334e+01 -1.038381649376637839e+01
-1.489244157763411103e+01 -1.063366240419876085e+01
-1.830512598565746885e+01 -2.643634616367712464e+00
-1.846946576005262131e+01 -1.845980427722734074e+00
-1.809688280550973261e+01 -3.568796435278475787e+00
-1.555853248638793573e+01 -7.988239352103703617e+00
-1.656964501179663074e+01 -5.490610426987300841e+00
-1.684908321116176211e+01 -4.304715207638786012e+00
-1.882294504797423684e+01 -5.253722731908299082e-01
-1.823369438817724131e+01 -2.990626557551281817e+00
-1.529920222117045725e+01 -8.953467576493011393e+00
-1.841721979277694388e+01 -2.093312510683806416e+00
-1.842619626156188417e+01 -2.050192762368484356e+00
-1.812208492975810969e+01 -3.476583745039301121e+00
-1.556771081236858834e+01 -7.959009859014827271e+00
-1.612855908430810103e+01 -7.337035217333221837e+00
-1.521661004600696998e+01 -9.295404632106267329e+00
-1.642591241740356978e+01 -6.177960155618136717e+00
-1.814712355074191663e+01 -3.377195417189884807e+00
-1.602107676097660161e+01 -7.608324627702976350e+00
-1.648182632476075327e+01 -5.917826289670180984e+00
-1.518519623555840781e+01 -9.434060101841842183e+00
-1.679680389057490331e+01 -4.478477500760938312e+00
-1.665727924799384141e+01 -5.058810326465409624e+00
-1.631571024072624354e+01 -6.646507303961487700e+00
-1.632783568092394333e+01 -6.613250581730836686e+00
-1.549451488983572922e+01 -8.203619736325526546e+00
-1.561150202394804865e+01 -7.836572391117136327e+00
-1.599612309306668578e+01 -7.645119594097193882e+00
-1.657811142123276227e+01 -5.438655121712875129e+00
-1.892873735614987396e+01 -2.675534908009745694e-01
-1.592931139676882069e+01 -7.720281238680413161e+00
-1.622413511860451507e+01 -7.031351237600636850e+00
-1.511778037420896226e+01 -9.685201075059623577e+00
-1.880897040709577794e+01 -5.641240671446680066e-01
-1.537096414988618420e+01 -8.648307221951125001e+00
-1.452766435831797232e+01 -1.154856379833703883e+01
-1.625727453927748556e+01 -6.905860507387431291e+00
-1.693918095393300405e+01 -4.067174007461492380e+00
-1.533550533322637222e+01 -8.805467574246669926e+00
-1.513823831175281853e+01 -9.634434417520768790e+00
-1.614072123637986778e+01 -7.312590509557299612e+00
-1.636048186578717889e+01 -6.475193115866845872e+00
-1.607685797948300888e+01 -7.488049567691463793e+00
-1.879579786372525518e+01 -6.027226628924116092e-01
-1.551586029401562783e+01 -8.129953555796777920e+00
-1.671411168716813833e+01 -4.785700126908147389e+00
-1.632783568092394333e+01 -6.613250581730836686e+00
-1.633280858515970380e+01 -6.564937884882024122e+00
-1.542903465218344294e+01 -8.440984758435384094e+00
-1.883416931764352498e+01 -4.950552579473554982e-01
-1.802530987555117648e+01 -3.775449310853085549e+00
-1.537096414988618420e+01 -8.648307221951125001e+00
-1.529023146617977424e+01 -8.990496962958435034e+00
-1.637116858102504580e+01 -6.428287420937325081e+00
-1.549451488983572922e+01 -8.203619736325526546e+00
-1.504384928650528863e+01 -1.003382529958611968e+01
-1.624922421325255328e+01 -6.932182121426775367e+00
-1.654777672189561954e+01 -5.585282009827796657e+00
-1.546234241043659097e+01 -8.285582474884495952e+00
-1.883416931764352498e+01 -4.950552579473554982e-01
-1.606815945163372561e+01 -7.511749266558509497e+00
-1.697605504595991732e+01 -3.986507836247739522e+00
-1.615504340281758999e+01 -7.264915115272349233e+00
-1.616446492932416135e+01 -7.230235410266610430e+00
-1.515164239745714880e+01 -9.577470281483517311e+00
-1.526842996678645648e+01 -9.081150803975241104e+00
-1.873568727518475185e+01 -7.858346146902305263e-01
-1.630868192523080751e+01 -6.656822646468453009e+00
-1.868297996645434011e+01 -9.646680329197866444e-01
-1.552749502616019228e+01 -8.090474655648954183e+00
-1.489244157763411103e+01 -1.063366240419876085e+01
-1.563742446287648669e+01 -7.765400792630650528e+00
-1.525430487068573626e+01 -9.134307679936593871e+00
-1.465669061705783527e+01 -1.133626485375093118e+01
-1.662530212649688011e+01 -5.212945439806923709e+00
-1.812208492975810969e+01 -3.476583745039301121e+00
-1.534434972409319542e+01 -8.770370595475785791e+00
-1.535257962932881881e+01 -8.737885289647842058e+00
-1.512939395806393428e+01 -9.672626996352489570e+00
-1.666881506612055830e+01 -5.001521054837258617e+00
-1.617550412658584946e+01 -7.190317596390335630e+00
-1.813361965547535348e+01 -3.432927160832114577e+00
-1.844930038690470298e+01 -1.941734821231299701e+00
-1.467514826031574415e+01 -1.128608213119583681e+01
-1.534434972409319542e+01 -8.770370595475785791e+00
-1.563143953935452402e+01 -7.782716541063121163e+00
-1.806115806489165720e+01 -3.683369394503714922e+00
-1.551586029401562783e+01 -8.129953555796777920e+00
-1.818977740180140756e+01 -3.193560292905998743e+00
-1.818203947431933187e+01 -3.228015377673350450e+00
-1.463104922277387665e+01 -1.139584228761115980e+01
-1.900645977487733518e+01 -1.171272844576627392e-01
-1.665010752871593525e+01 -5.094136728854540053e+00
-1.808796388059131388e+01 -3.599295319820098094e+00
-1.894380335679687022e+01 -2.357924039652008474e-01
-1.842619626156188417e+01 -2.050192762368484356e+00
-1.517739467956960198e+01 -9.466917688165313649e+00
-1.885066071661088216e+01 -4.518081495479767673e-01
-1.536300912238600880e+01 -8.694218502626080536e+00
-1.476699935552577436e+01 -1.104122496763580408e+01
-1.535257962932881881e+01 -8.737885289647842058e+00
-1.532027072554905445e+01 -8.844580790014447302e+00
