-3.861343793982143779e+01 4.014436474205727023e+00
-2.730438615293477369e+02 7.816300437981769278e+01
-2.730438615293477369e+02 7.997742861424653427e+01
-4.875734057726882043e+01 4.042553675949006831e+00
-3.861343793982143779e+01 4.014436474205727023e+00
-7.454738483437914454e+01 4.785332924724216674e+00
-8.206860307606146421e+01 4.860432800651963703e+00
-1.149370903030734468e+02 8.440980958866319384e+00
-1.148197673461044417e+02 6.239352252665584686e+00
-6.655739914846351724e+01 4.503020860559296068e+00
-2.656955845250987522e+02 6.706346107209016338e+01
-7.281710024401549219e+01 4.511477916752303585e+00
-8.206975212263726860e+01 4.929377026283476404e+00
-5.774925573172414772e+01 4.258406203325489692e+00
-8.795576032209631023e+01 4.969545936031810385e+00
-2.621308193309761805e+02 6.388542653555887085e+01
-2.579079779646671682e+02 6.376410912987097390e+01
-6.348159872022826278e+01 4.301104225176564100e+00
-2.638666146514054276e+02 6.508922934572083818e+01
-2.661462611031650454e+02 6.847887391027796866e+01
-4.875734057726882043e+01 4.042553675949006831e+00
-5.335917477458070124e+01 4.114797126131380267e+00
-9.204195098394862384e+01 5.243008749193065476e+00
-9.636197120531849691e+01 5.262685571655406847e+00
-5.774708201160463972e+01 4.162986140231942578e+00
-1.004414312728624594e+02 5.567791681730178688e+00
-9.203795350661889074e+01 5.107556816337641692e+00
-8.795923981526418345e+01 5.090999886907662919e+00
-1.123737375146760940e+02 5.862577539592027875e+00
-5.335917477458070124e+01 4.114797126131380267e+00
-1.083789244290526170e+02 5.837738215789330276e+00
-1.045304667670699672e+02 5.574218184072938342e+00
-2.639140808033138796e+02 6.627024607871874196e+01
-6.655225495427025351e+01 4.354430590180443872e+00
-9.636457965416714444e+01 5.367439971939193200e+00
-1.083773020923804467e+02 5.755559397759800078e+00
-1.052696304414045017e+02 5.652225338336320348e+00
-6.348159975798390064e+01 4.303142668768376922e+00
-9.956241731668333728e+01 5.371680666698954276e+00
-2.669646013052447984e+02 6.872137843078479591e+01
-2.670269534609036555e+02 6.937472180708309111e+01
-2.676010691031602846e+02 7.034757397954150804e+01
-1.144002223769166307e+02 6.025648664531004783e+00
-1.196880224566390467e+02 1.835213086246605130e+01
-2.639925796219669678e+02 6.630389383516651947e+01
-2.314459044097258982e+02 2.739682684511655708e+01
-2.674838117914903819e+02 6.951304395547282411e+01
-1.123764312019288667e+02 5.966175452710252181e+00
-2.400576856635616139e+02 2.786207985667554965e+01
-1.579883994055335279e+02 2.176870849657264984e+01
-2.012662116436457893e+02 2.505099523903045977e+01
-2.384343701758717486e+02 2.785158403925129278e+01
-2.573497156322920887e+02 5.728267897241988749e+01
-1.799268380157721197e+02 2.346234841645752667e+01
-1.737717369748944805e+02 2.300115605420197795e+01
-1.152345388962700952e+02 9.549551144025217653e+00
-2.626566411205666896e+02 6.459510346059478536e+01
-2.708145181062160987e+02 7.349316123569821002e+01
-1.173603998348758353e+02 1.306379739777615789e+01
-2.685667734596073615e+02 7.076990188680318283e+01
-2.575393405643589517e+02 6.014016276334254485e+01
-2.699238683323462737e+02 7.250034116962159203e+01
-2.694672223009354752e+02 7.192927840180826138e+01
-2.572400866081639492e+02 5.577065084067549350e+01
-2.334232882381223817e+02 2.742711402331912396e+01
-1.725692349483832970e+02 2.291452840405484537e+01
-2.485006134852229991e+02 4.153014962583302605e+01
-1.634097301516743812e+02 2.218779107329202560e+01
-2.688214977199519922e+02 7.106383499457814423e+01
-2.053644419836357713e+02 2.546030224228786309e+01
-2.576332806892472149e+02 6.047381787871068326e+01
-2.730438615293477369e+02 7.852023719382709999e+01
-1.408033250178335152e+02 2.036372904743335610e+01
-2.484408274459420056e+02 4.109569063389510291e+01
-2.536151778780119059e+02 4.814719503123398425e+01
-2.570739544215476826e+02 5.337054753161911691e+01
-2.575350923833318575e+02 5.927673413466708041e+01
-1.157340989687498904e+02 1.004519190873432244e+01
-1.585880445303167789e+02 2.182700884044766809e+01
-2.478625172204484670e+02 4.045765559404587464e+01
-1.860257870742427428e+02 2.396847734665723451e+01
-1.392481837678441252e+02 2.032695111378096442e+01
-2.513686394646033477e+02 4.533888154550338356e+01
-2.576332806892472149e+02 6.115115139185470383e+01
-1.688037963288550145e+02 2.268950619756812159e+01
-2.651927860785171447e+02 6.675946761832544496e+01
-2.231361370329964871e+02 2.667596392108288583e+01
-2.457881062371493499e+02 3.767483098404894548e+01
-1.531409772377602394e+02 2.137216723439601296e+01
-1.188564909319591720e+02 1.594667602802376116e+01
-1.183048701382213181e+02 1.522167172521636935e+01
-2.442652952520781469e+02 3.538584691639809421e+01
-2.730438615293477369e+02 7.816300437981769278e+01
-2.519534230492916151e+02 4.600742146272380495e+01
-1.656280886109278754e+02 2.234271432255073364e+01
-1.167140595482867269e+02 1.218410709670447289e+01
-1.291699250189118970e+02 1.952410749192189243e+01
-1.162650864739597125e+02 1.134553747901351528e+01
-2.578686811317519982e+02 6.293490783238257791e+01
-1.489613384578740352e+02 2.103232096882434732e+01
-1.230780477856112043e+02 1.903464870986148227e+01
-2.574437809649573978e+02 5.873249049446414460e+01
-2.711422708295502275e+02 7.390531677806974642e+01
-2.570739544215476826e+02 5.296435596100118204e+01
-1.195006653609037386e+02 1.688634904476913334e+01
-1.156416440465156512e+02 9.805856753555904248e+00
-2.578389364471899512e+02 6.229610239520443571e+01
-2.563548223239585013e+02 5.175987447683332476e+01
-2.578423244943422787e+02 6.272270144539299963e+01
-1.994023275034360267e+02 2.492547668649998371e+01
-2.440272229531079802e+02 3.511359442117228014e+01
-2.577030518222084083e+02 6.159572452293244993e+01
-1.157401800476356613e+02 1.047199089934367322e+01
-2.044895559919859522e+02 2.527454605723517389e+01
-2.730438615293477369e+02 7.676347106012816823e+01
-1.609026569827102264e+02 2.207605853481991787e+01
-2.538735779258151126e+02 4.844520379389668108e+01
-2.517985587085283328e+02 4.580626346051283093e+01
-1.325198814936470058e+02 1.974695051743651675e+01
-2.274617732190482116e+02 2.705342833249510903e+01
-2.091978891726399468e+02 2.572174164330770196e+01
-7.372923163960481929e+01 4.538966854416594643e+00
-1.169827169373572247e+02 1.240690569859573600e+01
-1.847086609618565376e+02 2.394315502866600198e+01
-2.292033932468295347e+02 2.709279460398892070e+01
-2.717520230605792904e+02 7.482833467499163760e+01
-1.515636818956233753e+02 2.125006399458071371e+01
-2.692827138277525592e+02 7.162703224112773626e+01
-1.195591907808586143e+02 1.777234564002219841e+01
-2.020702171128895941e+02 2.513006872026692662e+01
-1.504066049482482299e+02 2.120202292625616636e+01
-2.164874747332456764e+02 2.619539516407958502e+01
-2.651927860785171447e+02 6.675946761832544496e+01
-1.436105579775199317e+02 2.058495384417659579e+01
-2.438862699370021687e+02 3.486010267312275346e+01
-1.448273486281112525e+02 2.072423788887307339e+01
-1.466661393211317375e+02 2.085320398669300346e+01
-1.924297959572842558e+02 2.444488228467390201e+01
-2.450843820931719677e+02 3.693617692456582802e+01
-2.100488433530105965e+02 2.575866295701203867e+01
-2.513686394646033477e+02 4.555811963360812200e+01
-2.723993472609431592e+02 7.553003828629796601e+01
-2.463020145465388282e+02 3.827901904157211277e+01
-1.836887123413594622e+02 2.372598367758238425e+01
-2.573497156322920887e+02 5.784839921965826193e+01
-2.571340377684464897e+02 5.410530390465140727e+01
-2.730438615293477369e+02 7.956646375460779552e+01
-2.575393405643589517e+02 5.974751423041189469e+01
-2.365496925791348701e+02 2.762743325006638528e+01
-2.507215208232247790e+02 4.463178732499000034e+01
-1.226357109453292225e+02 1.895969761396476372e+01
-2.205325164197188030e+02 2.656278421830654324e+01
-2.452899081694159236e+02 3.719155538264061533e+01
-2.243778829875166991e+02 2.678816184340837836e+01
-1.253390873456409480e+02 1.916513413830774937e+01
-2.030303469444232576e+02 2.518431374756207930e+01
-2.420899971602355549e+02 3.185603676113655780e+01
-1.175203640539819361e+02 1.391805098513151684e+01
-2.492219378353365187e+02 4.254662126651434306e+01
-1.332894099314011100e+02 1.983147167463319960e+01
-2.422163626373826730e+02 3.208671872582664264e+01
-2.572797369111353305e+02 5.674139414896072253e+01
-2.723993472609431592e+02 7.591840820037535309e+01
-1.270875439683359929e+02 1.936658879000047762e+01
-1.149634452872187325e+02 8.788767120466904004e+00
-2.408237845197812135e+02 2.876427594132360355e+01
-1.931039091153367053e+02 2.450284350440191616e+01
-1.778526412245867618e+02 2.330404842654811048e+01
-2.118564718943613059e+02 2.591262419200183942e+01
-1.898596094394967793e+02 2.419548511440440919e+01
-1.166879496396720128e+02 1.183853133875819630e+01
-1.948627151169399099e+02 2.461527439290898300e+01
-2.491443601507961887e+02 4.220404923766121641e+01
-2.373716420514193715e+02 2.768247994372270782e+01
-2.509280471172678801e+02 4.500560158929023657e+01
-2.444606080239496464e+02 3.614040899313736332e+01
-2.502203896077752745e+02 4.397961422929176933e+01
-1.551444871944513011e+02 2.165662584288680037e+01
-2.574843099002800955e+02 5.888783087269321470e+01
-1.744848218975136831e+02 2.305245643585798732e+01
-2.534768733608153752e+02 4.786698824742113345e+01
-2.420168618925006569e+02 3.156190380793728778e+01
-2.574437809649573978e+02 5.824374325499478289e+01
-2.216212496986827034e+02 2.658527055470566580e+01
-1.752459441559891502e+02 2.310715576262725790e+01
-1.815471618197081511e+02 2.366949511488726188e+01
-1.363000501326678773e+02 2.005754450774788467e+01
-2.498619152565490822e+02 4.379904890438554332e+01
-1.158805998314455081e+02 1.064043626649300478e+01
-2.480187996391328795e+02 4.081206742282891042e+01
-2.730438615293477369e+02 7.886944816370062483e+01
-1.265008735896538496e+02 1.927564443721330179e+01
-2.168126743165350376e+02 2.625384678914514325e+01
-2.571340377684464897e+02 5.464576028639257288e+01
-1.883519902357222975e+02 2.413021104073612122e+01
-1.975463437008311871e+02 2.476657651750248945e+01
-2.571340377684464897e+02 5.444811351274100275e+01
-2.577776082715195685e+02 6.209188609955459270e+01
-1.215519785601523921e+02 1.892452936262520780e+01
-2.139632888933701338e+02 2.609768664997274712e+01
-2.628362444439617320e+02 6.482404488827127409e+01
-1.203798835543037029e+02 1.841006593345176512e+01
-2.505017113595507112e+02 4.417022116776435325e+01
-1.597837309260079337e+02 2.189348150685431804e+01
-1.455066250274828974e+02 2.076294690373856255e+01
-1.191933194567319845e+02 1.634114649026802368e+01
-1.641024799542951484e+02 2.227639864760304178e+01
-1.173603998348758353e+02 1.334011697815997799e+01
-2.716939504501287388e+02 7.453137589272695607e+01
-2.540667572662190423e+02 4.863892191461363979e+01
-1.565459804746791974e+02 2.168116638244745786e+01
-2.416053807369655999e+02 3.076340429562531753e+01
-2.083451758359268240e+02 2.567106085477583477e+01
-2.570470440244458814e+02 5.221207292720660575e+01
-2.529358470090149922e+02 4.728109062781353344e+01
-2.572797369111353305e+02 5.619660950572131242e+01
-1.316865944878764765e+02 1.970756673078564347e+01
-2.468794868557699829e+02 3.945838805513326264e+01
-1.890741712033053545e+02 2.416461785195994594e+01
-2.310928121825198502e+02 2.728182971334761930e+01
-2.558531085157216580e+02 5.087933097590901355e+01
-2.465660186838357788e+02 3.893303103652660724e+01
-1.371032615927141478e+02 2.011017118389646896e+01
-1.784153970262959490e+02 2.343859028647283083e+01
-2.443480209278874895e+02 3.568338505849585118e+01
-2.533216122332428881e+02 4.766818384671005049e+01
-2.572886524008595757e+02 5.711321532717289529e+01
-1.298442875647471624e+02 1.957254515240813220e+01
-1.719181408845855685e+02 2.287756663484348607e+01
-1.666949636502060059e+02 2.242097150024594754e+01
-2.505303477689492979e+02 4.443545565793990448e+01
-2.188438764050587224e+02 2.638252459473095612e+01
-2.476614505866494937e+02 4.023206484503796787e+01
-2.468794868557699829e+02 3.912962358761841841e+01
-1.438954838577015494e+02 2.066133824257653018e+01
-2.427921169084611108e+02 3.305955428941538798e+01
-2.542633858320069749e+02 4.887012803886354817e+01
-2.428033577669476415e+02 3.328333893014794853e+01
-2.577776082715195685e+02 6.175950627343881649e+01
-2.571915426413034425e+02 5.538746967402932597e+01
-1.769428607732785395e+02 2.329169602345023193e+01
-2.570523297791297068e+02 5.251488619235923494e+01
-1.161549833069300632e+02 1.102528953416678270e+01
-1.280871015697576354e+02 1.946848736109071609e+01
-2.430390241968881355e+02 3.350299574522667001e+01
-2.108429849271409751e+02 2.580907411460793810e+01
-2.530781488621933022e+02 4.745923504731747045e+01
-2.730438615293477369e+02 7.908760253590843092e+01
-1.759270071104145359e+02 2.316605204286189945e+01
-2.153074142471950552e+02 2.611471462337858895e+01
-2.447269927997967613e+02 3.634950603875184072e+01
-2.380509226987246336e+02 2.772794079441489146e+01
-2.232541370056579240e+02 2.675200066099651508e+01
-7.453893110403802780e+01 4.592990854990760319e+00
-1.182572574225243756e+02 1.476220487718360275e+01
-2.560442646298291720e+02 5.111941559022494630e+01
-1.623732847528133050e+02 2.208316869460152887e+01
-1.382626460448886974e+02 2.022092164265129099e+01
-1.478169443419946276e+02 2.093965149980484952e+01
-1.967666968397255403e+02 2.474841453281442227e+01
-2.662450046799978622e+02 6.861523882767093596e+01
-1.189977016700591292e+02 1.612486668544686808e+01
-1.954901587968230672e+02 2.465918335763716485e+01
-2.498619152565490822e+02 4.352353446215180810e+01
-2.436463486829607064e+02 3.462031740361005205e+01
-2.519534230492916151e+02 4.636319920716359633e+01
-1.178843903936766395e+02 1.440701312350085317e+01
-1.186460317281812138e+02 1.555731322916042103e+01
-2.410168226216027278e+02 2.984901130538893810e+01
-2.425413092999137916e+02 3.284177814289269293e+01
-2.546827018183499547e+02 4.942135070187473644e+01
-2.465660186838357788e+02 3.867527129572290789e+01
-1.960444779500919594e+02 2.473987337205182158e+01
-2.570860463323263048e+02 5.365941205750466025e+01
-1.423622983419987236e+02 2.053289517009070764e+01
-2.443578548769808378e+02 3.589155154746458720e+01
-2.412070792991745805e+02 3.002944687330048268e+01
-2.194692836695886058e+02 2.642837467602162249e+01
-1.175203640539819361e+02 1.423302844016673419e+01
-2.490161313640106471e+02 4.203521991304710070e+01
-2.561250014746301531e+02 5.147108730111084185e+01
-2.450843820931719677e+02 3.664803335646776361e+01
-2.354434583508217997e+02 2.755450858312072882e+01
-2.178648112562327128e+02 2.632386835731537644e+01
-1.211480662075399835e+02 1.887507101376203877e+01
-1.345477415835084116e+02 1.988956473912314848e+01
-2.137582961086033322e+02 2.604974238271499232e+01
-2.463058546438217604e+02 3.853855548434868439e+01
-2.730438615293477369e+02 7.937789410617381236e+01
-1.257166088954342769e+02 1.923564291463515019e+01
-1.376674543170942684e+02 2.016096976024826404e+01
-1.306578532207907131e+02 1.958452068833987880e+01
-2.423654228856413226e+02 3.235344009380633423e+01
-2.711422708295502275e+02 7.404583559539221937e+01
-2.303784960422185577e+02 2.719368452260971125e+01
-1.679137836189468942e+02 2.258773651588407105e+01
-2.419015205676973324e+02 3.134435221479746048e+01
-1.182721843461385873e+02 1.499750358202171796e+01
-1.865594944122299523e+02 2.404953573504910125e+01
-1.805974561537946954e+02 2.350012107480040413e+01
-1.179970725920568952e+02 1.457971229772863708e+01
-2.299603541048599027e+02 2.716550245426684285e+01
-2.474737292626067813e+02 4.005348622429772121e+01
-2.575350923833318575e+02 5.957352912364604691e+01
-2.201677790530198422e+02 2.645228162082056755e+01
-1.004359460973397802e+02 5.414182564554821830e+00
-2.434763858052979231e+02 3.421328448091441032e+01
-2.406825076220748940e+02 2.793918294579390960e+01
-1.811740312815949778e+02 2.354141960020434254e+01
-1.565459772436904302e+02 2.167756816118078333e+01
-2.408254037565281749e+02 2.907340527954098874e+01
-2.703460251759883590e+02 7.300453445664309982e+01
-2.433348666079030522e+02 3.384530746922771272e+01
-2.576379231527066622e+02 6.116181749134384660e+01
-2.730438615293477369e+02 7.769720018182090371e+01
-1.708662350568455395e+02 2.279158895823051267e+01
-2.730438615293477369e+02 7.629825981035953930e+01
-1.192913329543887215e+02 1.658316111281958172e+01
-1.195006653609037386e+02 1.734933845778264327e+01
-1.672823141220958405e+02 2.246431145509095728e+01
-2.571236471795520515e+02 5.384825589195776985e+01
-2.706123489105522140e+02 7.333771851881084558e+01
-1.352353260648699802e+02 1.995627686521691757e+01
-1.539115500782855008e+02 2.149010556409094264e+01
-2.248439824707045886e+02 2.683899669634572049e+01
-1.462730403226478870e+02 2.081797653041588703e+01
-1.339462667642412157e+02 1.988213006272526329e+01
-1.478175936735062521e+02 2.099126479943626578e+01
-2.545308879294432245e+02 4.920987071820300685e+01
-2.417506190830447679e+02 3.105210177806928229e+01
-1.151526234412733913e+02 9.216590621410002626e+00
-1.985989745196248180e+02 2.486951129767284385e+01
-1.698636618696496043e+02 2.277473524816851480e+01
-2.413562789349456352e+02 3.023179432081702700e+01
-1.175203640539819361e+02 1.366592963228909419e+01
-2.525137261100784087e+02 4.673261382465381786e+01
-2.570739544215476826e+02 5.271795979765119000e+01
-2.730438615293477369e+02 7.731047981787850176e+01
-1.310451326764238331e+02 1.966980010218803443e+01
-1.543643099479236867e+02 2.150474087678869850e+01
-2.692827138277525592e+02 7.162703224112773626e+01
-1.244292695228159005e+02 1.905054799875970417e+01
-1.766151245465170518e+02 2.318159155568196184e+01
-2.679792350342622171e+02 7.060285102777100974e+01
-2.723993472609431592e+02 7.531325259796439298e+01
-2.623847276711772452e+02 6.423001435152353622e+01
-1.195591907808586143e+02 1.777234564002219841e+01
-1.414981785888753620e+02 2.046273071116372222e+01
-2.509223899684828609e+02 4.490492917520416682e+01
-2.550108439250291497e+02 5.009429276171215406e+01
-1.355994029207627136e+02 2.001690561654004341e+01
-1.915594100453681961e+02 2.438355435021469120e+01
-1.982830487640878232e+02 2.482682442559607594e+01
-2.430492595877923350e+02 3.371557135362815671e+01
-2.407994283357698464e+02 2.849941531839233377e+01
-2.555648922751113332e+02 5.062009252961319561e+01
-2.434763858052979231e+02 3.449126819758889440e+01
-2.473141967041116231e+02 3.970060122820677151e+01
-1.623735222633654018e+02 2.211422895987185555e+01
-2.460291086354216361e+02 3.802128877600157608e+01
-1.205073351997240110e+02 1.877174959047826519e+01
-2.410080952989058289e+02 2.959648418982668971e+01
-2.623847276711772452e+02 6.423001435152353622e+01
-1.604873423302701667e+02 2.204557329406758015e+01
-1.158805998314455081e+02 1.095387675471086908e+01
-2.565466371350710801e+02 5.198711708754918703e+01
-2.572797369111353305e+02 5.619660950572131242e+01
-1.195006653609037386e+02 1.734933845778264327e+01
-2.713606765279863566e+02 7.431150321183028495e+01
-2.407994283357698464e+02 2.809752985727672225e+01
-2.579079779646671682e+02 6.336124409384905221e+01
-1.171209115319625766e+02 1.268217390817796719e+01
-2.114002504545926797e+02 2.584042427474796710e+01
-2.344949479932090526e+02 2.751223007338515103e+01
-2.720472921773078383e+02 7.504168082066604484e+01
-1.875160840911381683e+02 2.409625258747692556e+01
-2.544077350762341325e+02 4.905354717825051125e+01
-2.561250014746301531e+02 5.129744025821288034e+01
-2.723993472609431592e+02 7.591840820037535309e+01
-2.358221527284113108e+02 2.757824161365173055e+01
-1.495782178670172300e+02 2.109265382534669087e+01
-2.408922518294830581e+02 2.945754042488316671e+01
-1.696557087903636045e+02 2.272252889826729572e+01
-1.711187421013121366e+02 2.284228544264416527e+01
-2.061225770863342746e+02 2.546620840004853292e+01
-1.278882041868303219e+02 1.941886515605482444e+01
-1.388337566940780334e+02 2.029533539808593545e+01
-2.704334557948840256e+02 7.315331214660521653e+01
-2.481787793046807167e+02 4.092612778665345985e+01
-2.527432794064545760e+02 4.701992668868260239e+01
-1.659186901246852130e+02 2.236511295870825222e+01
-2.579079779646671682e+02 6.336124409384905221e+01
-1.515636818956233753e+02 2.125006399458071371e+01
-2.433898280059037234e+02 3.407450990124839052e+01
-2.495428165151159874e+02 4.303143015547210837e+01
-2.449445837546075495e+02 3.649336134280122934e+01
-2.485705381506043636e+02 4.189765400285720887e+01
-2.730438615293477369e+02 7.997742861424653427e+01
-2.407994283357698464e+02 2.836579993629995400e+01
-2.415170419335431689e+02 3.057826305993030758e+01
-2.554224106137480703e+02 5.034368079797095419e+01
-2.408396785469019505e+02 2.922744400294603295e+01
-2.474088374831937074e+02 3.983994489513168702e+01
-1.164804101733951427e+02 1.158266326768872467e+01
-1.244292731195915422e+02 1.905434462895967229e+01
-1.186460317281812138e+02 1.555731322916042103e+01
-1.203823892798410924e+02 1.868663431653138929e+01
-1.825184261959740866e+02 2.368561948849240295e+01
-1.551417348235425493e+02 2.154894738544586019e+01
-2.571915426413034425e+02 5.500734693813774356e+01
-2.414371110302049601e+02 3.040848701198306614e+01
-2.548435146470911832e+02 4.960604544718874820e+01
-2.549448950582488180e+02 4.973432083981010976e+01
-1.151526234412733913e+02 9.216590621410002626e+00
-2.153074142471950552e+02 2.611471462337858895e+01
-2.485006134852229991e+02 4.178729191612715965e+01
-2.495716007578910194e+02 4.339203354933850676e+01
-2.256713720237660823e+02 2.689502875860415543e+01
-2.730438615293477369e+02 7.769720018182090371e+01
-2.566850914746511307e+02 5.208433630057920283e+01
-2.571915426413034425e+02 5.550960187585054229e+01
-2.722873974391669094e+02 7.508322667562148922e+01
-2.455779909688486953e+02 3.737072491723710499e+01
-2.550059811644180456e+02 4.994996300699716585e+01
-2.425326105565379748e+02 3.264654529136689831e+01
-2.127931430080560347e+02 2.597955425495494808e+01
-1.994023275034360267e+02 2.492547668649998371e+01
-2.468826188750258837e+02 3.957344896710043969e+01
-2.730438615293477369e+02 7.629825981035953930e+01
-2.553675575220100882e+02 5.027452571363122047e+01
-2.077591714513944225e+02 2.563065735225529806e+01
-1.912993171737666103e+02 2.436546478856863729e+01
-1.174560566251377338e+02 1.358219072399605132e+01
-2.036056198684956939e+02 2.523206111567525411e+01
-2.679159457172202110e+02 7.052860479494556500e+01
-2.730438615293477369e+02 7.724786039423591433e+01
-1.598008361925054714e+02 2.199513766498923673e+01
-2.572886524008595757e+02 5.676841182628565718e+01
-2.688214977199519922e+02 7.106383499457814423e+01
-2.493177332947509512e+02 4.289382792488645180e+01
-1.498842356096175479e+02 2.116298605562409563e+01
-2.492219378353365187e+02 4.276094166533388830e+01
-2.265923170909838120e+02 2.693235477331839078e+01
-2.573550406036212621e+02 5.788180651471021321e+01
-2.456406114293208134e+02 3.746156493400419407e+01
-2.334232882381223817e+02 2.742711402331912396e+01
-2.495671312276315348e+02 4.322750453921075575e+01
-1.194829767354889469e+02 1.671393019440352390e+01
-2.181009836796096693e+02 2.633187077782074681e+01
-2.216212496986827034e+02 2.658527055470566580e+01
-2.127931430080560347e+02 2.598717978242662596e+01
-1.531409772377602394e+02 2.143285857320472232e+01
-2.574437809649573978e+02 5.818953685208798277e+01
-2.571915426413034425e+02 5.500734693813774356e+01
-2.523002402239592641e+02 4.645677243104609744e+01
-2.073160337594751752e+02 2.561793624685234860e+01
-2.694672223009354752e+02 7.192927840180826138e+01
-2.527432296868770152e+02 4.692519045470381656e+01
-1.940272343137785356e+02 2.454603684026281485e+01
-2.265923170909838120e+02 2.697464148797890360e+01
-1.842341981555790653e+02 2.375879829486478201e+01
-2.069176315013173451e+02 2.553638207368315705e+01
-1.149517565669694221e+02 8.697855925297787394e+00
-2.274617732190482116e+02 2.701598503996748235e+01
-1.171209115319625766e+02 1.268217390817796719e+01
-2.556997508500504921e+02 5.069114705225690898e+01
-1.871856280323420663e+02 2.407527979372330051e+01
-1.905102398244347910e+02 2.428795776814868645e+01
-1.825184261959740866e+02 2.370040060149633732e+01
-2.701107610872479086e+02 7.274549984713812023e+01
-1.148197673461044417e+02 6.116622586957314311e+00
-2.424440072641863253e+02 3.249195496846168396e+01
-1.422831203167546619e+02 2.051244817444201729e+01
-2.523982945138493506e+02 4.658353720586351443e+01
-2.344949479932090526e+02 2.751223007338515103e+01
-2.418020662477972564e+02 3.115519618926158429e+01
-1.940271461361459444e+02 2.452046784310553207e+01
-2.576332806892472149e+02 6.047381787871068326e+01
-1.843600907855494881e+02 2.387158688973785203e+01
-2.460291086354216361e+02 3.802128877600157608e+01
-2.013784823124610739e+02 2.508746116708994833e+01
-2.701379434306180087e+02 7.277988913841076624e+01
-1.906125493038391312e+02 2.430608063228179816e+01
-2.715027816772750384e+02 7.435880399096210169e+01
-1.677661292825337682e+02 2.254316350743540553e+01
-2.039556862064078473e+02 2.526624005435736109e+01
-2.065910728087598613e+02 2.549047291490150968e+01
-2.628362444439617320e+02 6.482404488827127409e+01
-1.164828141012001339e+02 1.167947086956061398e+01
-9.956242054630777716e+01 5.375278127498997804e+00
-1.411315271373020153e+02 2.043652213841999910e+01
-2.255202068763607315e+02 2.688466384874275761e+01
-1.784151375696044681e+02 2.340611551097308407e+01
-2.730438615293477369e+02 7.693537798297541030e+01
-1.052688795782551381e+02 5.628504272151860555e+00
-1.641024799542951484e+02 2.227639864760304178e+01
-2.699238683323462737e+02 7.250034116962159203e+01
-7.281710024401549219e+01 4.511477916752303585e+00
-2.674838117914903819e+02 6.951304395547282411e+01
-2.292033932468295347e+02 2.709279460398892070e+01
