-1.990698332413890981e+01 9.328093144899692046e-02
-1.435824654105137910e+01 -1.157155855348614537e+01
-1.889577979263398078e+01 -5.794508575461276845e-02
-1.883203251616934892e+01 -1.708006957091227906e-01
-1.871296729246597579e+01 -6.131119365237859276e-01
-1.868731395713468757e+01 -4.731985252420719545e-01
-1.865616502309880786e+01 -7.968287987985234189e-01
-1.868567287996361870e+01 -7.803065345215982607e-01
-1.855779522737029907e+01 -7.702915847429956386e-01
-1.859238430353111227e+01 -1.052353252915365189e+00
-1.845429249370518932e+01 -1.485048937427071891e+00
-1.841448334453250268e+01 -1.116897042797686979e+00
-1.843505356042785337e+01 -1.489979230776012020e+00
-1.842983930083277144e+01 -1.976986193730077446e+00
-1.843021388939504845e+01 -1.779190964998558222e+00
-1.845298594152306748e+01 -1.525430132880942979e+00
-1.846262710961229203e+01 -1.639419741662303753e+00
-1.832545995658573190e+01 -1.976990463657603003e+00
-1.832818965472194606e+01 -1.961341718834822778e+00
-1.829513550445225434e+01 -2.285340147155327184e+00
-1.831386056939980378e+01 -2.201997890803864433e+00
-1.820152291899502472e+01 -2.566698573442968812e+00
-1.817969715360742100e+01 -2.471584777359778329e+00
-1.807885031147482024e+01 -2.966320557339797048e+00
-1.811583253024146600e+01 -3.033651658465820411e+00
-1.709967029538138661e+01 -3.415631480944898435e+00
-1.811476132801047356e+01 -3.125022986120730817e+00
-1.808772292205622279e+01 -3.236989536995181105e+00
-1.800252610218084826e+01 -3.463670873570313891e+00
-1.800775888749277698e+01 -3.266735118616412858e+00
-1.802277380465726253e+01 -3.444677823465284838e+00
-1.798069407140114961e+01 -3.629852413043148207e+00
-1.797887766512346985e+01 -3.668448066084094350e+00
-1.780799236965731680e+01 -3.730892016280401791e+00
-1.706619048182902887e+01 -3.779660234612921332e+00
-1.697861309616544645e+01 -3.888701890023305907e+00
-1.685746713400465069e+01 -3.959456784752823921e+00
-1.685469104926540496e+01 -4.142154947551189181e+00
-1.683212353951198637e+01 -4.329494609774829250e+00
-1.581765587455216959e+01 -4.408829263854562974e+00
-1.579229614011299176e+01 -4.627356309877586504e+00
-1.669736262569607632e+01 -4.838269876198601160e+00
-1.668641382296939213e+01 -4.832044681805534481e+00
-1.666254379637324590e+01 -5.030849837012416614e+00
-1.663565433094408874e+01 -5.142191841362676819e+00
-1.654608765716461249e+01 -5.317283460310612497e+00
-1.556825887575286416e+01 -5.460479800372068482e+00
-1.652194330237813347e+01 -5.607359435239249734e+00
-1.643390887507197817e+01 -5.845107677573947669e+00
-1.641981833722482165e+01 -5.935300543494454573e+00
-1.537073025964926742e+01 -6.489988490877294680e+00
-1.616248881744049726e+01 -7.193851974520784509e+00
-1.490114938250697207e+01 -7.314765152663211367e+00
-1.466737080509072655e+01 -1.129867949954457629e+01
-1.448750787515729499e+01 -1.157556342340143019e+01
-1.458387530971442914e+01 -1.137690658600772586e+01
-1.457812927558889982e+01 -1.127451912748975360e+01
-1.468421567440135789e+01 -1.114610281701743233e+01
-1.470843443798838912e+01 -1.122389330770918292e+01
-1.478054071107344214e+01 -1.098624637319200303e+01
-1.485899139054917306e+01 -1.060739156472045863e+01
-1.493932340674611581e+01 -1.039909573196291959e+01
-1.496356672996603088e+01 -1.022893913375611241e+01
-1.509368319433791328e+01 -9.798872881953336389e+00
-1.518130676664805279e+01 -9.432561416592681880e+00
-1.523879347603839918e+01 -9.139110295153223262e+00
-1.533724064424068168e+01 -8.764745827961064606e+00
-1.545776028235535549e+01 -8.244108519115094680e+00
-1.558853035115227925e+01 -7.737373488293002310e+00
-1.565328650557082923e+01 -7.720143427510646639e+00
-1.600892345580457032e+01 -7.483716737661332274e+00
-1.616131141545736938e+01 -7.161764089134523559e+00
