-1.445409600887111523e+01 -1.158767796868246869e+01
-1.879773037737185248e+01 -4.975075447999629530e-01
-1.870858568180103987e+01 -6.904006731361364002e-01
-1.856009030516116809e+01 -1.240465317317416938e+00
-1.841791172539319987e+01 -1.991906236239628258e+00
-1.830249981848952245e+01 -2.457024626483839569e+00
-1.828783791488609367e+01 -2.571484400189680830e+00
-1.827066385750266164e+01 -2.606312570087514047e+00
-1.833734605622192504e+01 -2.303176121570885027e+00
-1.810235109097309447e+01 -3.421128201515979850e+00
-1.818791332677198724e+01 -2.942434141949922477e+00
-1.811403834287160564e+01 -3.352337122821473336e+00
-1.804919330964109037e+01 -3.644179596553617451e+00
-1.681351413614721935e+01 -4.381817000581381905e+00
-1.677272212021647135e+01 -4.539312687453324280e+00
-1.453594352907570375e+01 -1.149643383667963192e+01
-1.462572963007946569e+01 -1.139510517227211750e+01
-1.472720337508762611e+01 -1.115940025821145554e+01
-1.484808019241937416e+01 -1.071630526493735047e+01
-1.480845392959436424e+01 -1.090153470464007057e+01
-1.491011504504043650e+01 -1.047089860268001971e+01
-1.487176623697004274e+01 -1.068647834515908457e+01
-1.494401005801324267e+01 -1.042996157040948368e+01
-1.493216341435521066e+01 -1.044460451838434167e+01
-1.494566357448226412e+01 -1.041229445735938341e+01
-1.504648698110145233e+01 -9.996412104726857706e+00
-1.497087010575324584e+01 -1.029522803455080826e+01
-1.530713168657611334e+01 -8.921354772985777615e+00
-1.526579220947580851e+01 -9.083215830699002069e+00
-1.529634101071172836e+01 -8.939224510667928669e+00
-1.535855239088994040e+01 -8.700189122282930398e+00
-1.553168339734091319e+01 -8.069702929715552031e+00
-1.584504811815269321e+01 -7.716265165081924948e+00
-1.686522908167635748e+01 -4.232181365287386754e+00
-1.897982290754801937e+01 -6.309285511311038541e-02
-1.875876530612982407e+01 -6.441793800126902614e-01
-1.858710929342597495e+01 -1.178949473926014235e+00
-1.861674438706490875e+01 -1.100971992533315902e+00
-1.849671902199089857e+01 -1.582023683387157487e+00
-1.818826832972766283e+01 -2.930346875256507388e+00
-1.805015664292446331e+01 -3.584127026920939318e+00
-1.811182430416281619e+01 -3.372993223614543012e+00
-1.802286218764516690e+01 -3.664866585031887336e+00
-1.806071410935223653e+01 -3.560732929355721499e+00
-1.804420564800305016e+01 -3.645141877984643397e+00
-1.794925577753890167e+01 -3.820814117918624575e+00
-1.700677394585046542e+01 -3.895040524897848577e+00
-1.692552425001224137e+01 -4.081903243171482565e+00
-1.668695352370228591e+01 -4.858261944538845967e+00
-1.664764209111685034e+01 -5.087038330091731453e+00
-1.661391644327336792e+01 -5.247414193382502035e+00
-1.661942262858674724e+01 -5.213224121517349374e+00
-1.656631858230286980e+01 -5.493866403238157226e+00
-1.464569166760631624e+01 -1.137647241824707223e+01
-1.490355451454497171e+01 -1.058711570512720002e+01
-1.501714186974174758e+01 -1.009572670569996689e+01
-1.505473852083464514e+01 -9.911522385021408255e+00
-1.549670417956256152e+01 -8.159718090440012617e+00
-1.554384810352445356e+01 -8.039378924761578560e+00
-1.555922781793134391e+01 -7.987767020733373968e+00
-1.597996381605668681e+01 -7.663172661337837255e+00
-1.607093266148861943e+01 -7.414535854046407692e+00
-1.842983930083277144e+01 -1.976986193730077446e+00
-1.843021388939504845e+01 -1.779190964998558222e+00
-1.683212353951198637e+01 -4.329494609774829250e+00
-1.669736262569607632e+01 -4.838269876198601160e+00
-1.666254379637324590e+01 -5.030849837012416614e+00
-1.663565433094408874e+01 -5.142191841362676819e+00
-1.652194330237813347e+01 -5.607359435239249734e+00
-1.616248881744049726e+01 -7.193851974520784509e+00
-1.466737080509072655e+01 -1.129867949954457629e+01
-1.448750787515729499e+01 -1.157556342340143019e+01
-1.470843443798838912e+01 -1.122389330770918292e+01
-1.478054071107344214e+01 -1.098624637319200303e+01
-1.509368319433791328e+01 -9.798872881953336389e+00
-1.518130676664805279e+01 -9.432561416592681880e+00
-1.523879347603839918e+01 -9.139110295153223262e+00
-1.533724064424068168e+01 -8.764745827961064606e+00
-1.565328650557082923e+01 -7.720143427510646639e+00
-1.868571789035269148e+01 -9.403359733053312519e-01
-1.861163076204208267e+01 -1.129900443020968259e+00
-1.678160587237333345e+01 -4.467657766327842950e+00
-1.672308229175353489e+01 -4.735896602151205670e+00
-1.673500111865021012e+01 -4.695151155591723580e+00
-1.659600471290540469e+01 -5.263371132592389756e+00
-1.647968616813811593e+01 -5.900096751048949706e+00
-1.474896517712076260e+01 -1.110223235843332823e+01
-1.481143015782672734e+01 -1.087710337032461894e+01
-1.510911640160053615e+01 -9.746004366001994157e+00
-1.557876395477448028e+01 -7.852343738754275826e+00
-1.625733567068506602e+01 -6.839270236486234111e+00
-1.635470020848449479e+01 -6.458125480809937535e+00
-1.883843782234186293e+01 -3.752735431223446216e-01
-1.872422278853893829e+01 -6.827412366671822275e-01
-1.844141440975404933e+01 -1.775055919050522624e+00
-1.816248698363868286e+01 -3.210671517608467695e+00
-1.813579143815861983e+01 -3.300251354934252479e+00
-1.795540856494619675e+01 -3.763869694347638628e+00
-1.674816230094598168e+01 -4.642221922317086857e+00
-1.649946115532062407e+01 -5.774863692894657063e+00
-1.464826563057181374e+01 -1.136986350808606261e+01
-1.478861345946567241e+01 -1.090782698620064650e+01
-1.483267051883616716e+01 -1.080656507749649897e+01
-1.543206595996885788e+01 -8.382571806032517614e+00
-1.615177698737964107e+01 -7.220226845135643501e+00
-1.996366362738804767e+01 5.236335230442958066e-02
-1.887869465508941857e+01 -2.567201549015620810e-01
-1.903261821442486479e+01 -2.299545111379230899e-02
-1.893903440329411936e+01 -1.546553585043505263e-01
-1.885987876394355567e+01 -3.597728757206253292e-01
-1.854568728307339853e+01 -1.403656802498056688e+00
-1.847217910981563094e+01 -1.761357758779914073e+00
-1.807515509722842495e+01 -3.497501878922077978e+00
-1.701259008623293312e+01 -3.876428468428646301e+00
-1.699177650128817874e+01 -3.897509566297810313e+00
-1.690918839662042217e+01 -4.141403649700523104e+00
-1.684717757482317424e+01 -4.259999244586741618e+00
-1.683047894766697539e+01 -4.342745536748020108e+00
-1.680016476368864176e+01 -4.426028162096734775e+00
-1.675164137618399351e+01 -4.628816715854679131e+00
-1.670790460938237842e+01 -4.784015788408567005e+00
-1.664507761770516225e+01 -5.087389928567629838e+00
-1.612745126798118278e+01 -7.347562942661260976e+00
-1.650377767644356908e+01 -5.750642315896111967e+00
-1.645342930278881965e+01 -5.945070258124641072e+00
-1.643024391030289877e+01 -6.116673024431880989e+00
-1.636041638293789191e+01 -6.428858961848456843e+00
-1.635391660105689837e+01 -6.493228173460091845e+00
-1.628731670560132727e+01 -6.745086458176784205e+00
-1.629180288732123927e+01 -6.674297512266559096e+00
-1.626472553172751390e+01 -6.819173505870679719e+00
-1.621231644033520425e+01 -7.020908881047795091e+00
-1.623405823220608823e+01 -6.944338818664860469e+00
-1.618576615189344992e+01 -7.099070038434102337e+00
-1.617149560204891756e+01 -7.145854090751962318e+00
-1.614612626368802495e+01 -7.242352494919794381e+00
-1.604270970822732778e+01 -7.543792100949276325e+00
-1.605374053577765991e+01 -7.494972496152540131e+00
-1.600906412652778599e+01 -7.629856203282318283e+00
-1.592467494223869906e+01 -7.667616267247929329e+00
-1.564552263149531264e+01 -7.739038796630836714e+00
-1.558137562224464467e+01 -7.836536074365298532e+00
-1.561454819267344973e+01 -7.824021513333772049e+00
-1.556058315819616844e+01 -7.891548046841978525e+00
-1.554549848801537237e+01 -7.988341045576489385e+00
-1.546291851322016342e+01 -8.275450735544705338e+00
-1.542019507067277928e+01 -8.382586743855860334e+00
-1.524724344002186704e+01 -9.130532318612022635e+00
-1.527817696195142005e+01 -9.035426125929443941e+00
-1.526016692962140908e+01 -9.101250423319624971e+00
-1.524436504084567545e+01 -9.135065140468981326e+00
-1.523751979693147263e+01 -9.150712604626829005e+00
-1.521944570664715712e+01 -9.246440748144983957e+00
-1.519931673230771452e+01 -9.341929517847804121e+00
-1.515904745906172479e+01 -9.543052263550290348e+00
-1.516430363145610727e+01 -9.496744593105738375e+00
-1.514858049221895442e+01 -9.574399257671069918e+00
-1.512053748713829471e+01 -9.661288005936292222e+00
-1.507373933139638211e+01 -9.907169464692106686e+00
-1.507584802996435869e+01 -9.886083483348802048e+00
-1.497991496127514921e+01 -1.025608634394355612e+01
-1.469485911043144633e+01 -1.124911224526822195e+01
-1.456690502195233350e+01 -1.144117090775676715e+01
-1.467579109939274673e+01 -1.127442741264020043e+01
-1.465053521018468174e+01 -1.135708992414156704e+01
-1.483677948943115155e+01 -1.074732320107136019e+01
-1.486123666811751676e+01 -1.070656030809379899e+01
-1.497904475646866906e+01 -1.028984108642143980e+01
-1.496969884598389910e+01 -1.030899415374735639e+01
-1.499204887881148984e+01 -1.013408893335701322e+01
-1.504481433929123924e+01 -1.001087765674073182e+01
-1.512954149322776587e+01 -9.659984219621362556e+00
-1.520814815210101756e+01 -9.258299829534216485e+00
-1.523568126361653441e+01 -9.193546967219081267e+00
-1.531225025853345656e+01 -8.883637193050908820e+00
-1.534511714093690493e+01 -8.735390147718359088e+00
-1.539515277304829333e+01 -8.537460737046650650e+00
-1.540457015472224711e+01 -8.487398658317896860e+00
-1.587312847834809837e+01 -7.710706748924691212e+00
-1.592372235730268670e+01 -7.699274577685245369e+00
-1.592462042698491587e+01 -7.678924889531322684e+00
-1.589802892277364421e+01 -7.702705938033369115e+00
-1.598105962295229787e+01 -7.631027623122874637e+00
-1.607588991963327629e+01 -7.367705715429583080e+00
-1.624772780283153395e+01 -6.918859043346544446e+00
-1.627774257017136961e+01 -6.768862236323631265e+00
-1.632486900809647778e+01 -6.607218574367098363e+00
-1.637895308728246491e+01 -6.347383141534044704e+00
-1.644152602520140150e+01 -6.054736870811009197e+00
-1.648137251908090661e+01 -5.836465855863826491e+00
-1.648273361504413259e+01 -5.817076996076464113e+00
-1.655355547651672765e+01 -5.527750692635510887e+00
-1.657655055833803459e+01 -5.389313642200511900e+00
-1.658997224242649082e+01 -5.360543717936409713e+00
-1.666578515153938866e+01 -4.987334221525561162e+00
-1.667660952774657801e+01 -4.896009063799780847e+00
-1.676768139910517519e+01 -4.572836811798988599e+00
-1.689051717480820614e+01 -4.152288372565947405e+00
-1.688185119478197294e+01 -4.171703957013647823e+00
-1.699134900565284667e+01 -3.960114853111504907e+00
-1.800893748763934354e+01 -3.744521146736374373e+00
-1.794783578356921794e+01 -3.823184699416981136e+00
-1.795968334191203297e+01 -3.746449604603246275e+00
-1.793873829534312137e+01 -3.844301972902194109e+00
-1.818694150694710743e+01 -3.079078410130944743e+00
-1.818750483563910691e+01 -3.072567087150896548e+00
-1.826049406570108147e+01 -2.855673481668785652e+00
-1.826115305039897763e+01 -2.795826009879584184e+00
-1.833713216215900843e+01 -2.341416551613864083e+00
-1.836431960130174446e+01 -2.107438559230448760e+00
-1.837989774434583978e+01 -2.013256631970813615e+00
-1.850404726217604434e+01 -1.469594616488641980e+00
-1.864368376806433858e+01 -9.447621785326933974e-01
-1.869171580642172614e+01 -7.070216175683683435e-01
-1.879614493987557466e+01 -5.804996750099395975e-01
-1.880246321670888676e+01 -4.084900588839408542e-01
-1.890427285362559928e+01 -2.156575950167479161e-01
-1.901947876522537229e+01 -3.184194610310290413e-02
-1.995604585057632718e+01 5.035409348721147510e-02
-1.897982290754801937e+01 -6.309285511311038541e-02
-1.875876530612982407e+01 -6.441793800126902614e-01
-1.858710929342597495e+01 -1.178949473926014235e+00
-1.861674438706490875e+01 -1.100971992533315902e+00
-1.849671902199089857e+01 -1.582023683387157487e+00
-1.818826832972766283e+01 -2.930346875256507388e+00
-1.805015664292446331e+01 -3.584127026920939318e+00
-1.811182430416281619e+01 -3.372993223614543012e+00
-1.802286218764516690e+01 -3.664866585031887336e+00
-1.806071410935223653e+01 -3.560732929355721499e+00
-1.804420564800305016e+01 -3.645141877984643397e+00
-1.794925577753890167e+01 -3.820814117918624575e+00
-1.700677394585046542e+01 -3.895040524897848577e+00
-1.692552425001224137e+01 -4.081903243171482565e+00
-1.668695352370228591e+01 -4.858261944538845967e+00
-1.664764209111685034e+01 -5.087038330091731453e+00
-1.661391644327336792e+01 -5.247414193382502035e+00
-1.661942262858674724e+01 -5.213224121517349374e+00
-1.656631858230286980e+01 -5.493866403238157226e+00
-1.464569166760631624e+01 -1.137647241824707223e+01
-1.490355451454497171e+01 -1.058711570512720002e+01
-1.501714186974174758e+01 -1.009572670569996689e+01
-1.505473852083464514e+01 -9.911522385021408255e+00
-1.549670417956256152e+01 -8.159718090440012617e+00
-1.554384810352445356e+01 -8.039378924761578560e+00
-1.555922781793134391e+01 -7.987767020733373968e+00
-1.597996381605668681e+01 -7.663172661337837255e+00
-1.607093266148861943e+01 -7.414535854046407692e+00
-1.842983930083277144e+01 -1.976986193730077446e+00
-1.843021388939504845e+01 -1.779190964998558222e+00
-1.683212353951198637e+01 -4.329494609774829250e+00
-1.669736262569607632e+01 -4.838269876198601160e+00
-1.666254379637324590e+01 -5.030849837012416614e+00
-1.663565433094408874e+01 -5.142191841362676819e+00
-1.652194330237813347e+01 -5.607359435239249734e+00
-1.616248881744049726e+01 -7.193851974520784509e+00
-1.466737080509072655e+01 -1.129867949954457629e+01
-1.448750787515729499e+01 -1.157556342340143019e+01
-1.470843443798838912e+01 -1.122389330770918292e+01
-1.478054071107344214e+01 -1.098624637319200303e+01
-1.509368319433791328e+01 -9.798872881953336389e+00
-1.518130676664805279e+01 -9.432561416592681880e+00
-1.523879347603839918e+01 -9.139110295153223262e+00
-1.533724064424068168e+01 -8.764745827961064606e+00
-1.565328650557082923e+01 -7.720143427510646639e+00
-1.868571789035269148e+01 -9.403359733053312519e-01
-1.861163076204208267e+01 -1.129900443020968259e+00
-1.678160587237333345e+01 -4.467657766327842950e+00
-1.672308229175353489e+01 -4.735896602151205670e+00
-1.673500111865021012e+01 -4.695151155591723580e+00
-1.659600471290540469e+01 -5.263371132592389756e+00
-1.647968616813811593e+01 -5.900096751048949706e+00
-1.474896517712076260e+01 -1.110223235843332823e+01
-1.481143015782672734e+01 -1.087710337032461894e+01
-1.510911640160053615e+01 -9.746004366001994157e+00
-1.557876395477448028e+01 -7.852343738754275826e+00
-1.625733567068506602e+01 -6.839270236486234111e+00
-1.635470020848449479e+01 -6.458125480809937535e+00
-1.883843782234186293e+01 -3.752735431223446216e-01
-1.872422278853893829e+01 -6.827412366671822275e-01
-1.844141440975404933e+01 -1.775055919050522624e+00
-1.816248698363868286e+01 -3.210671517608467695e+00
-1.813579143815861983e+01 -3.300251354934252479e+00
-1.795540856494619675e+01 -3.763869694347638628e+00
-1.674816230094598168e+01 -4.642221922317086857e+00
-1.649946115532062407e+01 -5.774863692894657063e+00
-1.464826563057181374e+01 -1.136986350808606261e+01
-1.478861345946567241e+01 -1.090782698620064650e+01
-1.483267051883616716e+01 -1.080656507749649897e+01
-1.543206595996885788e+01 -8.382571806032517614e+00
-1.615177698737964107e+01 -7.220226845135643501e+00
