-1.986047611680026748e+01 1.400314988773428415e-01
-1.448750941387051583e+01 -1.145921711652694697e+01
-1.891559099091607266e+01 -3.635653501640996599e-02
-1.877467994667646778e+01 -3.829125309746290728e-01
-1.879489566731142958e+01 -2.967657091999258978e-01
-1.878035530840642764e+01 -4.632708591766800943e-01
-1.868571789035269148e+01 -9.403359733053312519e-01
-1.855025366332126424e+01 -8.345832180247163556e-01
-1.863030460852899850e+01 -8.337971976716682665e-01
-1.858550456417322749e+01 -1.051404854276319689e+00
-1.861163076204208267e+01 -1.129900443020968259e+00
-1.861616432892576967e+01 -1.038499555003411290e+00
-1.844806397962040023e+01 -1.532297574606738877e+00
-1.848547428499109202e+01 -1.572549954689233198e+00
-1.841009152711947650e+01 -1.622061897865622715e+00
-1.835780724805653819e+01 -1.961987330675112995e+00
-1.839608550012781052e+01 -1.749469381678534496e+00
-1.835613339839234470e+01 -1.826961623849826966e+00
-1.826642205728661139e+01 -2.466083989983641089e+00
-1.827003615398398750e+01 -2.271331424609408067e+00
-1.827683040876270582e+01 -2.125280921862482408e+00
-1.819818228924016879e+01 -2.687265052830484890e+00
-1.808658291796490403e+01 -2.683677278690558943e+00
-1.824154926618735573e+01 -2.674426610974467877e+00
-1.816067336887847006e+01 -2.562191908924858819e+00
-1.821339643794446772e+01 -2.806766703312614908e+00
-1.814847455021704903e+01 -2.905752513616627120e+00
-1.802409951531409860e+01 -3.330814521688998830e+00
-1.805090972619927570e+01 -3.427761715186928626e+00
-1.814152307724621949e+01 -3.197634202795845759e+00
-1.804537541596667438e+01 -3.240017633710773559e+00
-1.795134615446524151e+01 -3.393101880447904062e+00
-1.797050426214232033e+01 -3.601215467628118283e+00
-1.788155114372737131e+01 -3.785872606823367903e+00
-1.788548668102794892e+01 -3.722597162912159252e+00
-1.707986823710249524e+01 -3.766634743791073436e+00
-1.691481512553042421e+01 -3.889381228378488764e+00
-1.684429314501734609e+01 -4.240267379207452336e+00
-1.683951002608279879e+01 -4.241562136001317818e+00
-1.678160587237333345e+01 -4.467657766327842950e+00
-1.672308229175353489e+01 -4.735896602151205670e+00
-1.673500111865021012e+01 -4.695151155591723580e+00
-1.663606619000689335e+01 -4.929557564018598903e+00
-1.659600471290540469e+01 -5.263371132592389756e+00
-1.661459590169524603e+01 -5.207307055899383919e+00
-1.656647588598945475e+01 -5.293703666298663180e+00
-1.649814444150960924e+01 -5.448377525389129339e+00
-1.647968616813811593e+01 -5.900096751048949706e+00
-1.353943730072661822e+01 -6.301694940917183629e+00
-1.471241407742876106e+01 -1.112418081019615457e+01
-1.461944916302845243e+01 -1.119005517264485761e+01
-1.474896517712076260e+01 -1.110223235843332823e+01
-1.476174442639137396e+01 -1.097766337435741946e+01
-1.481143015782672734e+01 -1.087710337032461894e+01
-1.493466541568115247e+01 -1.041917852713973502e+01
-1.503348708777449616e+01 -9.942661412895640538e+00
-1.510911640160053615e+01 -9.746004366001994157e+00
-1.516423937291660096e+01 -9.291532428313910685e+00
-1.523693953556150049e+01 -9.126514833872024113e+00
-1.535440326278284573e+01 -8.619756218494472932e+00
-1.542789879982955981e+01 -8.315163198259231336e+00
-1.557876395477448028e+01 -7.852343738754275826e+00
-1.580140249525224050e+01 -7.635320001102823717e+00
-1.591452772286704054e+01 -7.682555013684796208e+00
-1.600177152617487053e+01 -7.573558000011173519e+00
-1.599821993163370593e+01 -7.441333925623382584e+00
-1.625733567068506602e+01 -6.839270236486234111e+00
-1.635470020848449479e+01 -6.458125480809937535e+00
-1.650079870632623624e+01 -5.671195292253396580e+00
-1.793196573101075586e+01 -3.773385753936087550e+00
