-1.987898265968528833e+01 1.355174020395566725e-01
-1.449956558438590015e+01 -1.140288538855788047e+01
-1.892569953695051055e+01 -9.882143937810700107e-02
-1.883843782234186293e+01 -3.752735431223446216e-01
-1.877389792210249553e+01 -2.427684803808467517e-01
-1.859182832480493985e+01 -4.685157225141733384e-01
-1.873411631664072630e+01 -5.602703909307458208e-01
-1.872422278853893829e+01 -6.827412366671822275e-01
-1.858583033063611367e+01 -1.068821078521021928e+00
-1.862816670559604049e+01 -8.277914411403546335e-01
-1.854720418376597735e+01 -9.318104479208179081e-01
-1.852298334707485594e+01 -1.168545162848422470e+00
-1.845907231178557950e+01 -1.465649470788694009e+00
-1.836420960605224906e+01 -1.427160197175803891e+00
-1.833357411572045237e+01 -1.461039988344099427e+00
-1.846406324909271390e+01 -1.627779649273337181e+00
-1.844141440975404933e+01 -1.775055919050522624e+00
-1.840119731920425750e+01 -1.921289843545518572e+00
-1.825276532365635518e+01 -2.437802681245092806e+00
-1.822559587267398484e+01 -2.815808888841712321e+00
-1.816248698363868286e+01 -3.210671517608467695e+00
-1.826208325949284372e+01 -2.489297878689197052e+00
-1.822516101004841005e+01 -2.748525351257611771e+00
-1.824162828900555411e+01 -2.533076979952938235e+00
-1.825343039460528516e+01 -2.636083097952178100e+00
-1.803476989734016200e+01 -3.611382026113132415e+00
-1.805802954708163455e+01 -2.805423715729000289e+00
-1.813253272582618081e+01 -2.905658265214244640e+00
-1.813579143815861983e+01 -3.300251354934252479e+00
-1.797760811647734869e+01 -3.132911189803052832e+00
-1.800987965055346862e+01 -3.424776317964172367e+00
-1.804558516667876944e+01 -3.606048793111972017e+00
-1.797933517790369251e+01 -3.428923752999421648e+00
-1.795540856494619675e+01 -3.763869694347638628e+00
-1.787349050151366470e+01 -3.769811866500079489e+00
-1.700617351811291655e+01 -3.868966987141146507e+00
-1.688330624078514219e+01 -4.086851876308699616e+00
-1.679421360904321503e+01 -4.373718377416616399e+00
-1.674816230094598168e+01 -4.642221922317086857e+00
-1.674462753404971238e+01 -4.555325262233400174e+00
-1.670616175788745750e+01 -4.731190718775376780e+00
-1.667816224069492748e+01 -4.857732873177836197e+00
-1.661834413790759868e+01 -5.012869637975228443e+00
-1.659031505148017516e+01 -5.197738494079066740e+00
-1.445748447843327256e+01 -5.697199835253309530e+00
-1.649946115532062407e+01 -5.774863692894657063e+00
-1.406233631334447765e+01 -6.232240379469107694e+00
-1.534645468262296575e+01 -6.534197216390515983e+00
-1.619738550630636098e+01 -6.987194149246452213e+00
-1.382200297044768078e+01 -7.683749670671065957e+00
-1.464826563057181374e+01 -1.136986350808606261e+01
-1.473671923448551269e+01 -1.105957092831096489e+01
-1.482315675018281809e+01 -1.076841212915334367e+01
-1.478861345946567241e+01 -1.090782698620064650e+01
-1.483267051883616716e+01 -1.080656507749649897e+01
-1.494296497610740104e+01 -1.021870681675406445e+01
-1.506224122936567511e+01 -9.775979205227756097e+00
-1.525815449125650147e+01 -9.087997225312001603e+00
-1.543206595996885788e+01 -8.382571806032517614e+00
-1.547571141299188291e+01 -7.962730642414045157e+00
-1.552950902768672492e+01 -8.065081864181566473e+00
-1.558914378880530016e+01 -7.731356454579607629e+00
-1.591445744100938953e+01 -7.632020258095938203e+00
-1.602813043446282393e+01 -7.481336400847068191e+00
-1.615177698737964107e+01 -7.220226845135643501e+00
-1.789532665733209882e+01 -3.830870337458463837e+00
