-1.979067776182525762e+01 2.164609142169552358e-01
-1.445151425685174118e+01 -1.146878889789855371e+01
-1.987446024121335952e+01 1.155552211715912964e-01
-1.896455746128041397e+01 9.049273716338448667e-03
-1.878460640900142664e+01 -1.021987609009042952e-01
-1.996366362738804767e+01 5.236335230442958066e-02
-1.887869465508941857e+01 -2.567201549015620810e-01
-1.903261821442486479e+01 -2.299545111379230899e-02
-1.879037815489549956e+01 -3.442243877805597485e-01
-1.884413524563906606e+01 -3.125621705338781364e-01
-1.893903440329411936e+01 -1.546553585043505263e-01
-1.880432490325934936e+01 -2.304789616064893409e-01
-1.882127502803789199e+01 -2.378673097430884509e-01
-1.867999735888960799e+01 -5.777856977686306461e-01
-1.877962938325275744e+01 -3.207625298678065673e-01
-1.885987876394355567e+01 -3.597728757206253292e-01
-1.873680359805101858e+01 -4.084535848541432923e-01
-1.873607624261425997e+01 -5.232174534400708676e-01
-1.869363728939834601e+01 -5.395507589029464590e-01
-1.866883107998609148e+01 -6.445223760005174274e-01
-1.862993919386382657e+01 -8.891018151708642847e-01
-1.858881650841747302e+01 -9.357193285851884701e-01
-1.865162534235969360e+01 -5.988553093659851889e-01
-1.866061625405104962e+01 -8.172895502346780860e-01
-1.852910709027199943e+01 -7.175635320932567396e-01
-1.856704851469838502e+01 -1.005819726134961289e+00
-1.839546390366288975e+01 -1.453411510786550176e+00
-1.854626365755247974e+01 -7.950655621617871427e-01
-1.840821540921800192e+01 -9.370810692223234817e-01
-1.863347140672695446e+01 -9.413901421420879378e-01
-1.845838060571370320e+01 -1.113391380197829683e+00
-1.852670260760812226e+01 -1.191925790109580996e+00
-1.843509914548972262e+01 -1.274669613886659336e+00
-1.854568728307339853e+01 -1.403656802498056688e+00
-1.845939975741600847e+01 -1.451311607598688935e+00
-1.840397363462710700e+01 -1.360122006874220801e+00
-1.837885176748094551e+01 -1.164284010649207168e+00
-1.832415804542927162e+01 -1.230369878026495556e+00
-1.838219434004903263e+01 -1.516846436391922737e+00
-1.833143195669296333e+01 -1.292446202925498167e+00
-1.842757826275260413e+01 -1.771435939086410283e+00
-1.837519055903736742e+01 -1.717062717594463495e+00
-1.844780180196323727e+01 -1.542702059779879731e+00
-1.847217910981563094e+01 -1.761357758779914073e+00
-1.832968477393376006e+01 -1.827669107000036375e+00
-1.838264328681004756e+01 -1.553138458398951149e+00
-1.842882848710088695e+01 -1.684325341153952049e+00
-1.833118058446152432e+01 -2.002584465432497574e+00
-1.826575674983255126e+01 -1.971964379080988206e+00
-1.833742043313245418e+01 -1.971022520561176883e+00
-1.838349254448401027e+01 -1.790059353519916518e+00
-1.829730356858475204e+01 -1.839697994280025561e+00
-1.826254937252708288e+01 -1.798116143209885553e+00
-1.833015933153804156e+01 -2.032794240515318762e+00
-1.832790018295220591e+01 -1.887249503663002148e+00
-1.827089001789198619e+01 -2.191427992018119664e+00
-1.826799766649683221e+01 -2.406121749378081986e+00
-1.821764519656270664e+01 -1.973209367437184891e+00
-1.822668509396884673e+01 -2.077760850540634863e+00
-1.827273775397979705e+01 -2.161177008054363746e+00
-1.821476056650688591e+01 -2.540280066154186667e+00
-1.820876716518431238e+01 -2.505930538029691679e+00
-1.827709263851129862e+01 -2.394671948076790180e+00
-1.810574228482538928e+01 -2.510100093139290056e+00
-1.816063762151675220e+01 -2.736434893642267774e+00
-1.819901720246710042e+01 -2.291537354466311793e+00
-1.825909174948994718e+01 -2.332928646303862319e+00
-1.810922937371007180e+01 -2.442675300996150600e+00
-1.816653648134048638e+01 -2.424692619595972598e+00
-1.810669240752892506e+01 -2.471862739097165473e+00
-1.805991019697567879e+01 -3.037731620537960975e+00
-1.815413164785202582e+01 -2.723795614154946421e+00
-1.807515509722842495e+01 -3.497501878922077978e+00
-1.815982687282986774e+01 -2.648213174939793024e+00
-1.805303795008339662e+01 -3.316100406703575310e+00
-1.815007525935275368e+01 -3.018459328058537228e+00
-1.815757450958321684e+01 -2.771470649676566644e+00
-1.806770712031648429e+01 -2.964977918842902849e+00
-1.811293139437529476e+01 -2.861469495505332361e+00
-1.800841329301752936e+01 -2.890308312881539443e+00
-1.810594142702846199e+01 -2.959092055372329000e+00
-1.801970081789679057e+01 -3.257352297802526220e+00
-1.811134584186430985e+01 -3.023656745213217700e+00
-1.815871321713188280e+01 -3.068826106430327272e+00
-1.798596019884200814e+01 -3.302095683275744431e+00
-1.799224116046280031e+01 -3.059692492487587678e+00
-1.806529025124423882e+01 -3.366146973542215370e+00
-1.803855924726024540e+01 -3.449827646319866936e+00
-1.795397298522328100e+01 -3.572259775490534306e+00
-1.799649838130948609e+01 -3.277981723175730000e+00
-1.796441971785576186e+01 -3.308789805982197851e+00
-1.804116881150964957e+01 -3.513168737276805675e+00
-1.796512510686208586e+01 -3.413860404924404346e+00
-1.794217128870835509e+01 -3.694073362404784788e+00
-1.791564391852611138e+01 -3.632171046272647530e+00
-1.800050852753938457e+01 -3.516641351861890641e+00
-1.780833059145573927e+01 -3.720085096477290687e+00
-1.795524583010942621e+01 -3.648535130019809003e+00
-1.799175860204145749e+01 -3.723402516734227508e+00
-1.787178726329993950e+01 -3.813839395440706159e+00
-1.790754901971377322e+01 -3.811510410837318563e+00
-1.779504961863310442e+01 -3.689126255536120169e+00
-1.779754846995976436e+01 -3.713849327978218984e+00
-1.708109897888602902e+01 -3.757406251857581037e+00
-1.792468368328891160e+01 -3.828654691901748564e+00
-1.701259008623293312e+01 -3.876428468428646301e+00
-1.699177650128817874e+01 -3.897509566297810313e+00
-1.690825611854700483e+01 -3.898914777314307578e+00
-1.689952162746356024e+01 -3.948149018484145234e+00
-1.689865111623535654e+01 -3.997700051664882626e+00
-1.688548384972800775e+01 -4.039749410489317683e+00
-1.689063702969850311e+01 -4.068843286989704211e+00
-1.690918839662042217e+01 -4.141403649700523104e+00
-1.683287390979852205e+01 -4.252730179408477973e+00
-1.684717757482317424e+01 -4.259999244586741618e+00
-1.678819721805498233e+01 -4.333996315216071871e+00
-1.681335063685457243e+01 -4.345684923817886514e+00
-1.683047894766697539e+01 -4.342745536748020108e+00
-1.593294854011039519e+01 -5.011696480650148722e+00
-1.680016476368864176e+01 -4.426028162096734775e+00
-1.676940318888994597e+01 -4.505121079402780282e+00
-1.676615698106044761e+01 -4.524193331573909127e+00
-1.484754116703621740e+01 -5.059088355936999903e+00
-1.673678147049289677e+01 -4.565919167508030618e+00
-1.669947439292992541e+01 -4.778900881865888017e+00
-1.675164137618399351e+01 -4.628816715854679131e+00
-1.666991604127741766e+01 -4.670633552992064175e+00
-1.669997553181444161e+01 -4.719766664912270926e+00
-1.669278533321393354e+01 -4.769761184587745007e+00
-1.670790460938237842e+01 -4.784015788408567005e+00
-1.666089589921974934e+01 -4.828327224179542299e+00
-1.569580692672723288e+01 -5.060838176526488041e+00
-1.664033857258555571e+01 -4.970104017953316244e+00
-1.662247445000776480e+01 -4.960629562934131265e+00
-1.666408134366214711e+01 -4.967594918776803148e+00
-1.664507761770516225e+01 -5.087389928567629838e+00
-1.661313173837243440e+01 -5.141263733439670247e+00
-1.647219890621725114e+01 -5.742315446105854093e+00
-1.655899704688458129e+01 -5.321583648510268105e+00
-1.659764208902996785e+01 -5.227726115923623240e+00
-1.657824382451031298e+01 -5.347384078448202516e+00
-1.593495083829279935e+01 -6.262494594949697735e+00
-1.379178331562054893e+01 -5.306038242610405575e+00
-1.657518982287462705e+01 -5.356491938994668800e+00
-1.647162160701477873e+01 -5.639915108099235574e+00
-1.654638810317480946e+01 -5.464788575350342015e+00
-1.612745126798118278e+01 -7.347562942661260976e+00
-1.360607597162477411e+01 -5.535539365061153738e+00
-1.650377767644356908e+01 -5.750642315896111967e+00
-1.564821064899714465e+01 -6.989110704565615784e+00
-1.554903446919516696e+01 -5.573701062286600560e+00
-1.646847110237492018e+01 -5.756727595106763573e+00
-1.547346681221147335e+01 -6.006620478408435382e+00
-1.551086326975934426e+01 -5.700399570579194553e+00
-1.441926335849392871e+01 -6.298774272089846527e+00
-1.544443379324561683e+01 -6.044693954608845843e+00
-1.641118990846683090e+01 -5.971603232539932193e+00
-1.645342930278881965e+01 -5.945070258124641072e+00
-1.643100132384817158e+01 -5.999431981422735483e+00
-1.549056565960802700e+01 -5.984629442175404712e+00
-1.545147613911669637e+01 -6.212467829892441173e+00
-1.547713549540416267e+01 -6.015862211448443020e+00
-1.636558606020071238e+01 -6.300751019866103420e+00
-1.637377569561941826e+01 -6.151329479842361003e+00
-1.643024391030289877e+01 -6.116673024431880989e+00
-1.635642625293931474e+01 -6.362454364692881725e+00
-1.541110539898559040e+01 -6.353441403351855143e+00
-1.536063955057883135e+01 -6.523381882707628421e+00
-1.631987285219244299e+01 -6.582034904818909737e+00
-1.539185318462147833e+01 -6.500856300939519272e+00
-1.537137034081209208e+01 -6.561584428235290645e+00
-1.636041638293789191e+01 -6.428858961848456843e+00
-1.635391660105689837e+01 -6.493228173460091845e+00
-1.538051188593117580e+01 -6.558222361162399316e+00
-1.535623291855170081e+01 -6.600492739600262837e+00
-1.628731670560132727e+01 -6.745086458176784205e+00
-1.629180288732123927e+01 -6.674297512266559096e+00
-1.524534899186957482e+01 -6.780916188152982471e+00
-1.427810277267859718e+01 -6.796414358646877929e+00
-1.529011030770204371e+01 -6.707918509849976729e+00
-1.626472553172751390e+01 -6.819173505870679719e+00
-1.528580648699069755e+01 -6.793040130694059542e+00
-1.621231644033520425e+01 -7.020908881047795091e+00
-1.623405823220608823e+01 -6.944338818664860469e+00
-1.616542817318307002e+01 -7.044788149320914350e+00
-1.523009335518356799e+01 -7.010336555294579775e+00
-1.515962867862196006e+01 -7.082084086725835448e+00
-1.616335580952026518e+01 -7.143016505920360082e+00
-1.518090974891315348e+01 -7.175897891338451018e+00
-1.618576615189344992e+01 -7.099070038434102337e+00
-1.617149560204891756e+01 -7.145854090751962318e+00
-1.614612626368802495e+01 -7.242352494919794381e+00
-1.518306729536771371e+01 -7.224489256601863474e+00
-1.386216323323273869e+01 -7.337276069855888316e+00
-1.486077482551361584e+01 -7.364987568575805277e+00
-1.607433140454326548e+01 -7.322824948106996246e+00
-1.604270970822732778e+01 -7.543792100949276325e+00
-1.385170100020754802e+01 -7.447651636698923383e+00
-1.396528295212341142e+01 -7.516533875775247786e+00
-1.605374053577765991e+01 -7.494972496152540131e+00
-1.600906412652778599e+01 -7.629856203282318283e+00
-1.598467688127784214e+01 -7.561043741519670291e+00
-1.479123215955242010e+01 -7.720757223848264239e+00
-1.593180752143634571e+01 -7.641737781336813917e+00
-1.592467494223869906e+01 -7.667616267247929329e+00
-1.564552263149531264e+01 -7.739038796630836714e+00
-1.476013023131188007e+01 -7.838206364933878234e+00
-1.558137562224464467e+01 -7.836536074365298532e+00
-1.561454819267344973e+01 -7.824021513333772049e+00
-1.556058315819616844e+01 -7.891548046841978525e+00
-1.472813830417921110e+01 -7.907303375149247415e+00
-1.553092095861101996e+01 -7.941839117924307523e+00
-1.554549848801537237e+01 -7.988341045576489385e+00
-1.551919994558589977e+01 -8.029433598870166833e+00
-1.468238242167583785e+01 -8.173365451590983710e+00
-1.548167985172399064e+01 -8.126204257774499951e+00
-1.379278682533133349e+01 -8.173322214750106340e+00
-1.467571776585524290e+01 -8.225618030068869047e+00
-1.546291851322016342e+01 -8.275450735544705338e+00
-1.544500471002072395e+01 -8.247154206677441479e+00
-1.461549597708706472e+01 -8.379874570446324000e+00
-1.538190683242641654e+01 -8.397729407593546469e+00
-1.542019507067277928e+01 -8.382586743855860334e+00
-1.266539914784035226e+01 -8.896404438486722910e+00
-1.373294924232458314e+01 -8.595984198573614066e+00
-1.374824719909554638e+01 -8.609644476679896741e+00
-1.374906999257805751e+01 -8.527436004944803472e+00
-1.457660949809931417e+01 -8.630209324455453412e+00
-1.454837299145282437e+01 -8.743064111561693608e+00
-1.533001965021452406e+01 -8.743638989993847588e+00
-1.456635476789544192e+01 -8.712413714293576916e+00
-1.450206758248271299e+01 -8.871077129376807591e+00
-1.372123783781884043e+01 -8.801786034636622347e+00
-1.452121830097585153e+01 -8.843199466487682514e+00
-1.530381250360574796e+01 -8.906208526012907356e+00
-1.318562631056644108e+01 -8.954248001421962755e+00
-1.525132439132899620e+01 -8.923213261095240156e+00
-1.448964132764531065e+01 -8.951102416984330290e+00
-1.524724344002186704e+01 -9.130532318612022635e+00
-1.527817696195142005e+01 -9.035426125929443941e+00
-1.526016692962140908e+01 -9.101250423319624971e+00
-1.524436504084567545e+01 -9.135065140468981326e+00
-1.523751979693147263e+01 -9.150712604626829005e+00
-1.521944570664715712e+01 -9.246440748144983957e+00
-1.443322418058470191e+01 -9.402919576690615955e+00
-1.519931673230771452e+01 -9.341929517847804121e+00
-1.439229621900251743e+01 -9.414959896071248835e+00
-1.315137064692056690e+01 -9.420336108331918368e+00
-1.365499622551637415e+01 -9.443459228491457580e+00
-1.366942630494748023e+01 -9.450204862785312798e+00
-1.515904745906172479e+01 -9.543052263550290348e+00
-1.516430363145610727e+01 -9.496744593105738375e+00
-1.514174278217669212e+01 -9.542718084740258178e+00
-1.514858049221895442e+01 -9.574399257671069918e+00
-1.512053748713829471e+01 -9.661288005936292222e+00
-1.508938313668902609e+01 -9.731493610975181952e+00
-1.507373933139638211e+01 -9.907169464692106686e+00
-1.431234250507491979e+01 -9.833436094530465965e+00
-1.359028138344924486e+01 -9.842935198571865385e+00
-1.507584802996435869e+01 -9.886083483348802048e+00
-1.427085047408233720e+01 -1.010151626240892497e+01
-1.429173196160643755e+01 -1.002781353301699063e+01
-1.500075253206767911e+01 -1.007679628222615875e+01
-1.426872699020129964e+01 -1.021160012556556751e+01
-1.497991496127514921e+01 -1.025608634394355612e+01
-1.355553082157768152e+01 -1.035802228088559218e+01
-1.481981920595470825e+01 -1.064469151397123525e+01
-1.419305895279279817e+01 -1.046954648720999614e+01
-1.349274311171518193e+01 -1.066797507959080704e+01
-1.485938690739460810e+01 -1.068715007842413200e+01
-1.469485911043144633e+01 -1.124911224526822195e+01
-1.456646262352778720e+01 -1.140966969227267569e+01
-1.452394355933138215e+01 -1.141382886530460183e+01
-1.456690502195233350e+01 -1.144117090775676715e+01
-1.462670838301880494e+01 -1.115682697499208587e+01
-1.466154813522095957e+01 -1.121628564981116227e+01
-1.467579109939274673e+01 -1.127442741264020043e+01
-1.459271231544343195e+01 -1.105108686445472799e+01
-1.463700125773315186e+01 -1.121740653378160069e+01
-1.467858624797148792e+01 -1.100916558341656248e+01
-1.464400407259104675e+01 -1.125212576332044101e+01
-1.465053521018468174e+01 -1.135708992414156704e+01
-1.468980839142046158e+01 -1.118497584375235121e+01
-1.479829116931276189e+01 -1.081112285548047680e+01
-1.473546140081689870e+01 -1.108556020584316926e+01
-1.472047422043321774e+01 -1.061813456249236154e+01
-1.473787439687449208e+01 -1.089154500341704868e+01
-1.477463603178166984e+01 -1.084796641902712011e+01
-1.486393363796372746e+01 -1.068177002387124652e+01
-1.485310326915939072e+01 -1.063050887729665561e+01
-1.481357627940264621e+01 -1.063028626215015748e+01
-1.483677948943115155e+01 -1.074732320107136019e+01
-1.487230614653414307e+01 -1.027086752698158101e+01
-1.486123666811751676e+01 -1.070656030809379899e+01
-1.490835494623851432e+01 -1.036338003080045311e+01
-1.494775645152132526e+01 -1.015278413688123038e+01
-1.504554232407775238e+01 -9.684747987979198669e+00
-1.497904475646866906e+01 -1.028984108642143980e+01
-1.496935570849164066e+01 -1.000015564420637659e+01
-1.496969884598389910e+01 -1.030899415374735639e+01
-1.499204887881148984e+01 -1.013408893335701322e+01
-1.504481433929123924e+01 -1.001087765674073182e+01
-1.503654955447592201e+01 -9.999171731433925459e+00
-1.505042114454467317e+01 -9.652901044660548990e+00
-1.512398364847729937e+01 -9.466228930744504666e+00
-1.511748265482422937e+01 -9.511492275694273246e+00
-1.512954149322776587e+01 -9.659984219621362556e+00
-1.516570670045586944e+01 -9.229778037605090191e+00
-1.513867462201444170e+01 -9.415866526620316534e+00
-1.516886816513487091e+01 -9.181878558006303592e+00
-1.517152452088793169e+01 -9.142629298415180017e+00
-1.525690223795985467e+01 -8.994011518079675582e+00
-1.520814815210101756e+01 -9.258299829534216485e+00
-1.528062424298268240e+01 -8.923705651130141803e+00
-1.523568126361653441e+01 -9.193546967219081267e+00
-1.527826651382668643e+01 -8.843366099679091263e+00
-1.536623994207083044e+01 -8.459873627219336001e+00
-1.531214609834757212e+01 -8.818000689120840008e+00
-1.531225025853345656e+01 -8.883637193050908820e+00
-1.534511714093690493e+01 -8.735390147718359088e+00
-1.535534881680516328e+01 -8.584049251837823746e+00
-1.544355988065481711e+01 -8.271435525335244066e+00
-1.539515277304829333e+01 -8.537460737046650650e+00
-1.540457015472224711e+01 -8.487398658317896860e+00
-1.541099783938305734e+01 -8.343662610764827292e+00
-1.545647616125108392e+01 -8.247061903536117455e+00
-1.546235768994234050e+01 -8.144397586318609328e+00
-1.551297978087115048e+01 -7.921983079642301639e+00
-1.550663496335823055e+01 -7.851692779988066917e+00
-1.554450375404476148e+01 -7.833187069909330447e+00
-1.552129415713799609e+01 -8.018480927172650041e+00
-1.557132809064417600e+01 -7.802733463159960969e+00
-1.557006094827971943e+01 -7.851283180193499689e+00
-1.587312847834809837e+01 -7.710706748924691212e+00
-1.566854553842602904e+01 -7.652138256617557310e+00
-1.592372235730268670e+01 -7.699274577685245369e+00
-1.590200161937584511e+01 -7.698384569216454310e+00
-1.592462042698491587e+01 -7.678924889531322684e+00
-1.597846467034887041e+01 -7.629167686185106767e+00
-1.588377028973707539e+01 -7.658262277163555787e+00
-1.581671838224458249e+01 -7.584602473559967528e+00
-1.598256442817781853e+01 -7.613728007038683465e+00
-1.580113655231010128e+01 -7.531623324084667281e+00
-1.592982808306786602e+01 -7.542979039044318768e+00
-1.579378750708663759e+01 -7.594179027110038227e+00
-1.589802892277364421e+01 -7.702705938033369115e+00
-1.585936491634732093e+01 -7.698405384374511051e+00
-1.598943280338109929e+01 -7.591865892730086607e+00
-1.591614277887896733e+01 -7.685528234830654171e+00
-1.588355078449805546e+01 -7.506045865458415456e+00
-1.597293375855382536e+01 -7.661484465051808357e+00
-1.598105962295229787e+01 -7.631027623122874637e+00
-1.591807152200992803e+01 -7.502805836761190506e+00
-1.597510488847045274e+01 -7.611182257189287981e+00
-1.600705705344898178e+01 -7.324609710986345945e+00
-1.597920042344177283e+01 -7.412047985577000730e+00
-1.599161641050866045e+01 -7.542250002425843647e+00
-1.601811643471106805e+01 -7.485449329665169849e+00
-1.604081828768127593e+01 -7.371451936620212031e+00
-1.607588991963327629e+01 -7.367705715429583080e+00
-1.615353645447642350e+01 -7.083404919560910784e+00
-1.611621485585613911e+01 -7.206517953146699185e+00
-1.610144925314991582e+01 -7.211314153881844824e+00
-1.612644047218091714e+01 -7.239154964953782745e+00
-1.616041187680711033e+01 -7.125206088369370860e+00
-1.617237954946730838e+01 -7.007401575120258741e+00
-1.615608099891345262e+01 -7.088055961741135391e+00
-1.627908573999362574e+01 -6.688816032580052529e+00
-1.624772780283153395e+01 -6.918859043346544446e+00
-1.627774257017136961e+01 -6.768862236323631265e+00
-1.622929916890702984e+01 -6.333588600243240663e+00
-1.632486900809647778e+01 -6.607218574367098363e+00
-1.628817419663903365e+01 -6.652564424713198754e+00
-1.629602064616771528e+01 -6.353829800302380093e+00
-1.636270450748597227e+01 -6.334734903615194312e+00
-1.637885600213793680e+01 -6.334038207018791056e+00
-1.636279503490764853e+01 -6.333767375802654698e+00
-1.637265321756113678e+01 -6.175668792456679768e+00
-1.637895308728246491e+01 -6.347383141534044704e+00
-1.639295627412796108e+01 -6.093262806248316288e+00
-1.644152602520140150e+01 -6.054736870811009197e+00
-1.644529441697749661e+01 -5.782379741497535086e+00
-1.644102927435029571e+01 -5.916355963424577702e+00
-1.648137251908090661e+01 -5.836465855863826491e+00
-1.648273361504413259e+01 -5.817076996076464113e+00
-1.651898227252330642e+01 -5.594938325330167217e+00
-1.655355547651672765e+01 -5.527750692635510887e+00
-1.652712361713561506e+01 -5.415623078360322751e+00
-1.657655055833803459e+01 -5.389313642200511900e+00
-1.660306548599380250e+01 -5.158792867033367813e+00
-1.658997224242649082e+01 -5.360543717936409713e+00
-1.664067098161107339e+01 -5.005105254782161950e+00
-1.665830787702770266e+01 -4.887658659260340599e+00
-1.665557421920351544e+01 -4.989052015756965552e+00
-1.666578515153938866e+01 -4.987334221525561162e+00
-1.667660952774657801e+01 -4.896009063799780847e+00
-1.670297076998212304e+01 -4.580822056505587270e+00
-1.673262393743976162e+01 -4.662675394149249364e+00
-1.673202284857621436e+01 -4.626682881198743047e+00
-1.675261376918360412e+01 -4.495054874009483115e+00
-1.676768139910517519e+01 -4.572836811798988599e+00
-1.678852138834966823e+01 -4.306422325600606449e+00
-1.679481906460304685e+01 -4.224787061667574228e+00
-1.682886713810508539e+01 -4.299110245118123785e+00
-1.689051717480820614e+01 -4.152288372565947405e+00
-1.688784201345180946e+01 -4.073454233086547305e+00
-1.691149609633967188e+01 -4.051687914083620612e+00
-1.688185119478197294e+01 -4.171703957013647823e+00
-1.692540645645615172e+01 -3.931611759853149923e+00
-1.699134900565284667e+01 -3.960114853111504907e+00
-1.696121707172774506e+01 -3.853020717450804433e+00
-1.701710298239787988e+01 -3.802537058337080111e+00
-1.697277220542790843e+01 -3.935367501687090375e+00
-1.700120902535418566e+01 -3.729813800942235691e+00
-1.788009562719611623e+01 -3.766220879577946601e+00
-1.795778514610539744e+01 -3.728730067796243830e+00
-1.791111130719087541e+01 -3.796410845462201422e+00
-1.785036420278094482e+01 -3.757005570755310497e+00
-1.787822827491167033e+01 -3.804412242892349472e+00
-1.790223535342305183e+01 -3.791448733522076342e+00
-1.791821681029761848e+01 -3.813477047412017207e+00
-1.792105135378157144e+01 -3.766646110828224536e+00
-1.789198601450598858e+01 -3.797042466734813271e+00
-1.790272387533834930e+01 -3.783939876537657732e+00
-1.783608132124831869e+01 -3.747703638008035298e+00
-1.800893748763934354e+01 -3.744521146736374373e+00
-1.777240638314410859e+01 -3.705947816264045347e+00
-1.790845307377592377e+01 -3.708982517074094876e+00
-1.791705289915376298e+01 -3.767889364367715377e+00
-1.788466209183859235e+01 -3.793493368040623093e+00
-1.782786867275760301e+01 -3.728209148140704254e+00
-1.788698864698655910e+01 -3.797602643853442927e+00
-1.794783578356921794e+01 -3.823184699416981136e+00
-1.776272589141556679e+01 -3.703862425132840031e+00
-1.778739323014251994e+01 -3.688666255566349861e+00
-1.782023054474331047e+01 -3.749045600349388163e+00
-1.790655308244684107e+01 -3.770355641722935136e+00
-1.795968334191203297e+01 -3.746449604603246275e+00
-1.774094239615468283e+01 -3.646799324608196446e+00
-1.785449798676436828e+01 -3.734846720033827783e+00
-1.785665440728377362e+01 -3.777769559442170966e+00
-1.776072440373418715e+01 -3.671748032151478824e+00
-1.781709165209436208e+01 -3.722551244202874088e+00
-1.787400312897208821e+01 -3.802784980052724695e+00
-1.791076026948466193e+01 -3.817228166638206410e+00
-1.785663268238834434e+01 -3.778556952756902731e+00
-1.781348852679309402e+01 -3.748937350834961713e+00
-1.784520241714030320e+01 -3.690398158569048626e+00
-1.793036716852914836e+01 -3.743491977206833354e+00
-1.789180256012796377e+01 -3.756096727326736939e+00
-1.781158670230480823e+01 -3.699673591083148860e+00
-1.778905455897433541e+01 -3.714426927146619484e+00
-1.795064586863862743e+01 -3.264467021940449687e+00
-1.787357270668642428e+01 -3.145318263038737072e+00
-1.781648712809719015e+01 -3.743115305092547196e+00
-1.785623049245968730e+01 -3.734769950995673327e+00
-1.782736801338837296e+01 -3.755886144638366453e+00
-1.781557771554589209e+01 -3.735250776005866413e+00
-1.792485010415831681e+01 -3.652640657122601109e+00
-1.782678969223622545e+01 -3.708629730921749079e+00
-1.793873829534312137e+01 -3.844301972902194109e+00
-1.784261768182233965e+01 -3.693863522611229300e+00
-1.791823367827459634e+01 -3.675681090717426436e+00
-1.788026934450464012e+01 -3.611422484429544610e+00
-1.796542359426157986e+01 -3.694407659932641863e+00
-1.792020235266694783e+01 -3.777271818413256099e+00
-1.796021451150117088e+01 -3.356468218566198480e+00
-1.801970811373983850e+01 -3.335054468530613381e+00
-1.812374117100532800e+01 -3.272024204670497483e+00
-1.800322703021336679e+01 -3.524770421234199702e+00
-1.802591455107569018e+01 -3.495947052369127395e+00
-1.805093753494201536e+01 -3.448010075374705607e+00
-1.810743065450384393e+01 -3.363357412931686774e+00
-1.808708708140122923e+01 -2.754727745286012830e+00
-1.813555907093530806e+01 -3.169419048237652969e+00
-1.813366064998951899e+01 -3.182940354085606938e+00
-1.823196070299372451e+01 -2.168127880285451337e+00
-1.818694150694710743e+01 -3.079078410130944743e+00
-1.821945604636639260e+01 -2.723631371273461887e+00
-1.818750483563910691e+01 -3.072567087150896548e+00
-1.826049406570108147e+01 -2.855673481668785652e+00
-1.825906761196794292e+01 -2.394056564432434531e+00
-1.825564142994532801e+01 -2.524350522683869613e+00
-1.826115305039897763e+01 -2.795826009879584184e+00
-1.833713216215900843e+01 -2.341416551613864083e+00
-1.828331910974870311e+01 -1.782663877377156147e+00
-1.828583785905764358e+01 -2.196470679087900280e+00
-1.836431960130174446e+01 -2.107438559230448760e+00
-1.834136012129788540e+01 -1.920428422318871009e+00
-1.839038799350558406e+01 -8.521420433915211090e-01
-1.837205388361911318e+01 -1.973600876080288558e+00
-1.837989774434583978e+01 -2.013256631970813615e+00
-1.844114205571577259e+01 -1.576780224773004946e+00
-1.841901468081753279e+01 -1.682587211015333928e+00
-1.844340558347783698e+01 -1.545226322310100597e+00
-1.861233291609258345e+01 -8.176004074781512143e-01
-1.850691802015649756e+01 -1.203314584116115915e+00
-1.850404726217604434e+01 -1.469594616488641980e+00
-1.859520457711555963e+01 -1.110308513766739669e+00
-1.854164524627830701e+01 -8.420017663327393764e-01
-1.854130712383106072e+01 -8.861713305875220659e-01
-1.855698546571428409e+01 -1.086959321733050654e+00
-1.864368376806433858e+01 -9.447621785326933974e-01
-1.866588345205053656e+01 -5.563986590955497524e-01
-1.866043980177965977e+01 -3.952446743452711075e-01
-1.868046747557658449e+01 -8.602208331577126943e-01
-1.870062983193830775e+01 -6.021933938150862975e-01
-1.869171580642172614e+01 -7.070216175683683435e-01
-1.878122034451571309e+01 -4.309606207684720802e-01
-1.879614493987557466e+01 -5.804996750099395975e-01
-1.871029510532512319e+01 -2.511999477688655613e-01
-1.884431963712458469e+01 -3.565553521241693335e-01
-1.874992527317725433e+01 -5.079913557333419760e-01
-1.882239971426564296e+01 -3.550149051150923718e-01
-1.883511164438539254e+01 -2.673762721326135017e-01
-1.880246321670888676e+01 -4.084900588839408542e-01
-1.890427285362559928e+01 -2.156575950167479161e-01
-1.888635232180942580e+01 -7.067306609700255149e-02
-1.891617174675285895e+01 -1.142459891705798342e-01
-1.895287359827150198e+01 1.522934247830202634e-02
-1.901129786858109583e+01 -1.121197183846756821e-03
-1.901947876522537229e+01 -3.184194610310290413e-02
-1.992445388197432266e+01 9.529269897475378670e-02
-1.996059940963812096e+01 5.661101618213834619e-02
-1.995312916588387964e+01 5.519038982825235501e-02
-1.987543295692602641e+01 1.336315090927027993e-01
-1.962067266108650543e+01 2.976554716996183680e-01
-1.984058218357941428e+01 1.530364124089487188e-01
-1.993233422328088977e+01 8.744906242272822150e-02
-1.994168620519078416e+01 7.655662013797312482e-02
-1.990913052813068163e+01 1.001248912788614276e-01
-1.987777900957762967e+01 1.330953983350576242e-01
-1.994804913567669757e+01 5.256191019244433466e-02
-1.995604585057632718e+01 5.035409348721147510e-02
