-1.978045615219918574e+01 2.302197751024087358e-01
-1.448353199587558038e+01 -1.154948257372711851e+01
-1.983710632160464726e+01 1.611209804687183944e-01
-1.896479694414584927e+01 2.020381061289422409e-02
-1.911555284766328100e+01 1.126634904293563610e-01
-1.896011446351873886e+01 -7.134254664908801224e-03
-1.883226607760289895e+01 -1.277127812871550749e-01
-1.884326024106060871e+01 -7.336050999581818222e-02
-1.897982290754801937e+01 -6.309285511311038541e-02
-1.882450308086561819e+01 -2.259648914028084266e-01
-1.877764960733826172e+01 -4.405493007847476328e-01
-1.882199440509141652e+01 -2.418729082357958249e-01
-1.869667997184419761e+01 -2.328392672847344469e-01
-1.879421180862964391e+01 -4.487524852427087207e-01
-1.871494352678447370e+01 -4.936994148046039421e-01
-1.874312605534543152e+01 -5.603062236768511228e-01
-1.870480542985518468e+01 -6.438070375182578520e-01
-1.869436333957177965e+01 -5.711466988328747219e-01
-1.873711208580473198e+01 -5.379106207360178082e-01
-1.860685669393409114e+01 -4.835381390504859267e-01
-1.861486983187561606e+01 -6.065730485580921316e-01
-1.875876530612982407e+01 -6.441793800126902614e-01
-1.857695513781206387e+01 -8.318737410341618954e-01
-1.857387829473254470e+01 -8.287087036515168315e-01
-1.863115500697129079e+01 -8.773664837170297437e-01
-1.851660540816955347e+01 -8.630358102975911327e-01
-1.848646767596521912e+01 -1.270506031832172367e+00
-1.863964175920236954e+01 -7.950286792135703440e-01
-1.829022061735397386e+01 -1.137885322850147984e+00
-1.855628245072144722e+01 -1.078357034207614529e+00
-1.847714183812417588e+01 -1.362741729679616265e+00
-1.850237035396364860e+01 -1.269262302291771505e+00
-1.858710929342597495e+01 -1.178949473926014235e+00
-1.854662666248437120e+01 -1.194521255935010462e+00
-1.861674438706490875e+01 -1.100971992533315902e+00
-1.846714029068434115e+01 -1.300961571928433536e+00
-1.849671902199089857e+01 -1.582023683387157487e+00
-1.853484684961572526e+01 -1.230846907991816064e+00
-1.846671407938841014e+01 -1.516370311563825179e+00
-1.833486285746725741e+01 -1.783106027955232875e+00
-1.840811290824655799e+01 -1.403990580776238950e+00
-1.847852488098257950e+01 -1.368686986143846873e+00
-1.847944002929942542e+01 -1.557445550765671705e+00
-1.844882873083994923e+01 -1.579419142647032315e+00
-1.841021543493575763e+01 -1.517689627501819682e+00
-1.829359963856471438e+01 -1.831315673656213061e+00
-1.830480852425657901e+01 -1.752843530306850584e+00
-1.835058548571124959e+01 -1.827615299941829141e+00
-1.832412011335269497e+01 -1.957911090524273590e+00
-1.830589165988476452e+01 -1.922152944706704947e+00
-1.834325770931404875e+01 -1.879225782249517529e+00
-1.826074019834377182e+01 -2.158230058989325517e+00
-1.818511786992733903e+01 -2.276331768355415619e+00
-1.822988942194108120e+01 -2.118302526519798779e+00
-1.833394496866776535e+01 -2.189114600502489516e+00
-1.831941724599923305e+01 -1.899432782592904045e+00
-1.835182057076436024e+01 -2.070126896832627850e+00
-1.817729749273878070e+01 -2.253460613706836924e+00
-1.816159667207159956e+01 -2.093159348235635875e+00
-1.823576856815663660e+01 -2.586105520638470878e+00
-1.820157065079936132e+01 -2.681160743548379077e+00
-1.823145160606707194e+01 -2.656941539546944675e+00
-1.828634071660800942e+01 -2.356478909731226867e+00
-1.823240133128619789e+01 -2.484685459458307655e+00
-1.828397785493696404e+01 -2.306270248584077365e+00
-1.819171925247637134e+01 -2.300494708149362300e+00
-1.807280640434916918e+01 -2.586103055612096746e+00
-1.784344495300644695e+01 -3.518687825770074884e+00
-1.812394620307530957e+01 -2.453816936082346523e+00
-1.816233280945783690e+01 -2.543480863521619728e+00
-1.825292191843820433e+01 -2.497840671957944458e+00
-1.808567062243719548e+01 -3.345605235381363229e+00
-1.818826832972766283e+01 -2.930346875256507388e+00
-1.812441411387908374e+01 -3.135479787316526767e+00
-1.813643307794470871e+01 -2.917793572030308535e+00
-1.810015432129280555e+01 -3.277980075240296109e+00
-1.811666393881435511e+01 -2.786544040117114651e+00
-1.813172337030050585e+01 -3.095217445611214480e+00
-1.804091060683242631e+01 -3.296638382664201838e+00
-1.812226406362732689e+01 -2.881419036698275260e+00
-1.810588549217593624e+01 -3.106218482241945189e+00
-1.813737016565485050e+01 -3.144853909098114464e+00
-1.815974747825433155e+01 -3.081859823602280279e+00
-1.813088331331281822e+01 -3.071279608914211146e+00
-1.806241503006039650e+01 -3.398475393296671143e+00
-1.797803487444156900e+01 -3.447721119009627966e+00
-1.805015664292446331e+01 -3.584127026920939318e+00
-1.811182430416281619e+01 -3.372993223614543012e+00
-1.800176904655046428e+01 -3.688706818016289191e+00
-1.795834949036339623e+01 -3.707048485873872146e+00
-1.789603927505419279e+01 -3.558163995538349944e+00
-1.798215280746545375e+01 -3.419700229097829336e+00
-1.802286218764516690e+01 -3.664866585031887336e+00
-1.796767117154995930e+01 -3.609713841685499691e+00
-1.791790042426501017e+01 -3.671308613078166694e+00
-1.805189401566831364e+01 -3.468380415704687358e+00
-1.806071410935223653e+01 -3.560732929355721499e+00
-1.804420564800305016e+01 -3.645141877984643397e+00
-1.797256042237820139e+01 -3.683784392190855073e+00
-1.796546341822628179e+01 -3.687657865248694211e+00
-1.780898721104252402e+01 -3.739881168286177004e+00
-1.792012299795166896e+01 -3.759137869632164453e+00
-1.794925577753890167e+01 -3.820814117918624575e+00
-1.695240255015288966e+01 -3.915236257549536969e+00
-1.700677394585046542e+01 -3.895040524897848577e+00
-1.692215937187317820e+01 -4.003949371390585377e+00
-1.689100146996926100e+01 -3.987649924807802115e+00
-1.692155941830297650e+01 -4.055751861040491235e+00
-1.692552425001224137e+01 -4.081903243171482565e+00
-1.688577676350890755e+01 -4.130682897605320036e+00
-1.685970790247336026e+01 -4.136973774908877743e+00
-1.686911773568363060e+01 -4.170022570640393944e+00
-1.682830476617457194e+01 -4.317406111774737099e+00
-1.681451665280374286e+01 -4.298587130943496426e+00
-1.681058035068796741e+01 -4.339847836019984584e+00
-1.600054023426847039e+01 -5.395914279903033517e+00
-1.677671747280683689e+01 -4.368455110399533936e+00
-1.677138396569661083e+01 -4.463121158058405591e+00
-1.675765233292585066e+01 -4.489763300033333238e+00
-1.674739863869337952e+01 -4.612429851063716058e+00
-1.667570184621834528e+01 -4.838026766626765784e+00
-1.670798676518291614e+01 -4.720145263289285076e+00
-1.669967936424521326e+01 -4.706211399794687722e+00
-1.668695352370228591e+01 -4.858261944538845967e+00
-1.593313492709518187e+01 -5.688630909759671006e+00
-1.664764209111685034e+01 -5.087038330091731453e+00
-1.555145819982597821e+01 -5.410235394143796839e+00
-1.661391644327336792e+01 -5.247414193382502035e+00
-1.662526337260006670e+01 -5.053992911388426990e+00
-1.659606605001389568e+01 -5.176807455837725058e+00
-1.661942262858674724e+01 -5.213224121517349374e+00
-1.656631858230286980e+01 -5.493866403238157226e+00
-1.654967783530408809e+01 -5.487642705481780681e+00
-1.646478054121428158e+01 -5.870524684620300526e+00
-1.644523711759014262e+01 -5.916608120691254413e+00
-1.530948629800298555e+01 -6.821173231260595493e+00
-1.334818960197008053e+01 -7.023408150039190723e+00
-1.487188492073420321e+01 -7.287356802715379445e+00
-1.458229907156011151e+01 -1.126273499464587857e+01
-1.454598618455774961e+01 -1.130339154603420937e+01
-1.468738994186028890e+01 -1.115524137174946695e+01
-1.464569166760631624e+01 -1.137647241824707223e+01
-1.460162402623404709e+01 -1.132877774377764801e+01
-1.470470300240702066e+01 -1.118887631417981865e+01
-1.466400419185908888e+01 -1.118049717824098366e+01
-1.475698395459965440e+01 -1.089493892962186905e+01
-1.474909608899369928e+01 -1.093462197417353821e+01
-1.475973614781545251e+01 -1.084897563060212988e+01
-1.473881400157642219e+01 -1.082979400698463479e+01
-1.490850076385317635e+01 -1.038577092775913968e+01
-1.490355451454497171e+01 -1.058711570512720002e+01
-1.483040403021952258e+01 -1.077918417059940559e+01
-1.485807544956075077e+01 -1.059393913426393041e+01
-1.489905450125420927e+01 -1.055387975787819954e+01
-1.491868884536648032e+01 -1.042338765341809292e+01
-1.492001319479137500e+01 -1.022833105148304966e+01
-1.496463738229371465e+01 -1.028981157631312726e+01
-1.495584072645491602e+01 -1.024302604928801941e+01
-1.497065046051797665e+01 -1.011531959155646376e+01
-1.501714186974174758e+01 -1.009572670569996689e+01
-1.501426388101557663e+01 -9.941260646983916871e+00
-1.505473852083464514e+01 -9.911522385021408255e+00
-1.513033800296986087e+01 -9.359113469345665237e+00
-1.519726286178663699e+01 -9.282327275102689512e+00
-1.517197244488841434e+01 -9.122330591842604974e+00
-1.520878101870640364e+01 -8.931861891673420928e+00
-1.531212031771742943e+01 -8.772089491852327114e+00
-1.523948005500622926e+01 -8.962131656866434426e+00
-1.525551650478865717e+01 -9.074014480485555367e+00
-1.525916583511628311e+01 -8.971450926027088713e+00
-1.533216149662668570e+01 -8.633367692197225551e+00
-1.539300425463324373e+01 -8.509315999667199648e+00
-1.549670417956256152e+01 -8.159718090440012617e+00
-1.554384810352445356e+01 -8.039378924761578560e+00
-1.555922781793134391e+01 -7.987767020733373968e+00
-1.553561058230035385e+01 -7.924429795127520215e+00
-1.554581036256369231e+01 -7.777191895343779748e+00
-1.560657787867644686e+01 -7.784646044374543550e+00
-1.588363008426193979e+01 -7.677384149080525688e+00
-1.569989668696107898e+01 -7.607016225686876076e+00
-1.592978565811600689e+01 -7.567994587857377553e+00
-1.580925889752382574e+01 -7.683365089865030306e+00
-1.602305127996008594e+01 -7.537521711175500627e+00
-1.602960095602779589e+01 -7.450312892649682439e+00
-1.597996381605668681e+01 -7.663172661337837255e+00
-1.599355802967840390e+01 -7.340761978018304212e+00
-1.601697962567582678e+01 -7.387022660256488571e+00
-1.607093266148861943e+01 -7.414535854046407692e+00
-1.623178494396508853e+01 -6.714540326544152116e+00
-1.626556370530295936e+01 -6.444246379894535082e+00
-1.631547213637739446e+01 -6.481668466023776887e+00
-1.653677453331126657e+01 -5.482337613928927489e+00
-1.783849219871632386e+01 -3.752917603655385292e+00
-1.773446580384603521e+01 -3.708275416154546811e+00
