-2.675076904025405611e+02 1.444622728671262735e+02
-3.619356790677709057e+01 4.130568032930030498e+00
-2.654604458572554222e+02 1.173453207836815011e+02
-2.702108983360709544e+02 1.219956786450513277e+02
-2.684807380877771266e+02 1.369740561937090320e+02
-2.724026294266976720e+02 1.081655729650679802e+02
-2.695690067445269733e+02 1.193283387005101588e+02
-2.669943758075012283e+02 1.046276751683385271e+02
-2.646467322727060036e+02 1.168893815033146666e+02
-2.672696977290083851e+02 1.051961614865209924e+02
-2.700585995826265275e+02 1.219256747684043773e+02
-2.697707674829695179e+02 8.164406440837451839e+01
-2.726219118123528915e+02 8.793477365580095295e+01
-2.698928181131672090e+02 1.090131296293511696e+02
-2.658354840329923263e+02 1.127413538944326916e+02
-2.707951082379129275e+02 9.507347853178450237e+01
-2.660726963876751370e+02 8.264655982027156256e+01
-2.689891247799855023e+02 8.813088329231774765e+01
-2.733674644127185047e+02 8.768318431254300549e+01
-2.667024802736520996e+02 7.683969422892602097e+01
-2.725439165749354515e+02 9.692197731474495015e+01
-2.670512906667798916e+02 1.052089907531988047e+02
-2.560196013779668647e+02 8.171089471405103666e+01
-2.726306805346729334e+02 8.055043557832919987e+01
-2.598341278961733565e+02 9.841403507302663911e+01
-2.663788206824183362e+02 8.480063545102649414e+01
-2.664914562833802165e+02 1.048017292566943865e+02
-2.657164635329285147e+02 8.454255804320335699e+01
-2.633232418324403739e+02 8.629750755090637426e+01
-2.682070033826015560e+02 1.009498144235105315e+02
-2.700386952214613530e+02 7.627372108918009985e+01
-2.521764286143040579e+02 7.624054659471264017e+01
-2.587568266334359350e+02 8.656742178078746974e+01
-2.649790027118636431e+02 8.853508601083969154e+01
-2.730914920546528606e+02 8.644865021249303538e+01
-2.703676247269317514e+02 9.553540302936528406e+01
-2.591064048353752014e+02 7.146401845225221905e+01
-1.458778018674627504e+02 7.535818181502038726e+01
-2.570725313719548240e+02 8.832422607741801812e+01
-2.587724169987175173e+02 7.886630417655031522e+01
-2.567185404590535995e+02 8.130647523961633283e+01
-2.707240399387769116e+02 8.544856634506720638e+01
-2.715011317422780053e+02 7.448578608569168580e+01
-2.693166114564834288e+02 7.949558962789454597e+01
-2.700529503511501161e+02 7.757311503334166503e+01
-1.450193054197858942e+02 6.289119879225584953e+01
-2.597130005275107578e+02 7.842898433870921338e+01
-2.701554342349459716e+02 7.488925058952219160e+01
-2.625816184890765044e+02 7.362060584941167463e+01
-2.593493059076484428e+02 7.343735547037569233e+01
-2.676404207634886347e+02 7.197261015457634414e+01
-2.650327976456847523e+02 6.781248416510003096e+01
-2.621870683176779266e+02 6.932575179917139963e+01
-1.451245542278754215e+02 6.264501367324542969e+01
-2.575954731071395827e+02 6.656200172771590928e+01
-2.544626908702579726e+02 6.425482077553384386e+01
-2.628081698422637373e+02 6.356400482000035623e+01
-2.506050171747455977e+02 5.639236720059003716e+01
-1.301611882400804348e+02 5.828202529719871450e+01
-2.537326967161123719e+02 5.516498784366059738e+01
-2.505456451457481535e+02 5.379015820304964990e+01
-2.502288220107999166e+02 5.130830018133895010e+01
-2.550715431980032974e+02 5.123455024738617425e+01
-2.470059667656446152e+02 4.809988921174704046e+01
-2.508046978408492009e+02 4.623220583925155580e+01
-1.315387201872274545e+02 4.381641053111076900e+01
-2.461377512677133552e+02 4.438198114243005676e+01
-2.420894725219644954e+02 3.831448024179576350e+01
-2.409061057434904001e+02 3.364668029900901303e+01
-2.421781033324338068e+02 3.455174474082079428e+01
-4.873902221478606123e+01 4.077599294198985369e+00
-5.182687579628781549e+01 4.166249105419999488e+00
-4.717670487224887665e+01 3.256234686712868864e+01
-4.944187041752948630e+01 1.236027328366292544e+01
-5.358578215410304324e+01 1.235567989071362582e+01
-5.358944837039368281e+01 1.300414103284425948e+01
-5.608598725561427045e+01 3.362581123622292267e+01
-5.689486925318126254e+01 1.343753757221369227e+01
-6.695380126379328090e+01 1.397185146571007230e+01
-7.594300149883186180e+01 2.696147830841515258e+01
-6.663176631229548263e+01 1.420619395245406835e+01
-7.084893344755614919e+01 1.431396135867573705e+01
-7.537055266321237923e+01 1.483994039164442214e+01
-7.478903307018524060e+01 3.611132752529972123e+01
-8.054382745780614528e+01 1.532316831671695390e+01
-8.350302640044871794e+01 4.961161835728547409e+00
-8.665567564052098248e+01 1.603527248194849975e+01
-1.027029431822731169e+02 5.538525095166451528e+00
-1.019068937709145075e+02 1.741669870189523550e+01
-1.089442371922832109e+02 1.808715327312298271e+01
-1.238777757980955272e+02 4.046588020067272140e+01
-1.380464823702003514e+02 2.024749330548080550e+01
-1.520796099877907182e+02 2.135252561668724169e+01
-1.698525252082139048e+02 4.435130971331614091e+01
