# energyFactor	econcomicFactor	constraintViolation	iteration	functionCalls
8.251506300993363130e-01 1.520824519747019654e-01 1.463975747345247491e-03 3.000000000000000000e+00 2.300000000000000000e+01
7.148503919302291454e-01 1.575746300277114653e-01 1.293610308537113118e-03 3.000000000000000000e+00 2.300000000000000000e+01
6.203479083196518085e-01 1.632837767968898512e-01 1.340213585897892523e-03 3.000000000000000000e+00 2.300000000000000000e+01
5.415980316420268004e-01 1.688060747952085383e-01 1.199968092398973063e-03 3.000000000000000000e+00 2.300000000000000000e+01
4.725724327584840401e-01 1.745268809594332227e-01 1.258230764806023139e-03 3.000000000000000000e+00 2.400000000000000000e+01
4.220459019221612373e-01 1.798928227212349962e-01 9.616290347901623736e-04 3.000000000000000000e+00 2.400000000000000000e+01
3.688869988825980717e-01 1.856411667362944662e-01 1.047429558032025865e-03 3.000000000000000000e+00 2.500000000000000000e+01
3.245498676192661303e-01 1.914139756940228809e-01 1.157695023942806323e-03 3.000000000000000000e+00 2.300000000000000000e+01
2.886967026913860868e-01 1.969737982589282732e-01 1.054974097030564328e-03 3.000000000000000000e+00 2.300000000000000000e+01
2.571540134603796934e-01 2.026238107031946567e-01 1.042443049479341299e-03 3.000000000000000000e+00 2.500000000000000000e+01
2.298891394407812372e-01 2.082564875248962555e-01 1.012576379363305801e-03 3.000000000000000000e+00 2.300000000000000000e+01
2.060988237743748008e-01 2.138984174281657047e-01 9.919627908151207318e-04 3.000000000000000000e+00 2.400000000000000000e+01
1.852975881412600723e-01 2.195418218372702790e-01 9.728237081021162691e-04 3.000000000000000000e+00 2.500000000000000000e+01
1.673663209089922277e-01 2.252341505480737749e-01 1.002608927087977886e-03 3.000000000000000000e+00 2.100000000000000000e+01
1.512498633992600539e-01 2.308335336023496498e-01 9.394484895462185126e-04 3.000000000000000000e+00 2.500000000000000000e+01
1.367503011214681041e-01 2.365137174604781956e-01 9.570888558571577498e-04 3.000000000000000000e+00 2.500000000000000000e+01
1.242920928545256237e-01 2.421207738657161768e-01 9.016017692775046832e-04 3.000000000000000000e+00 2.400000000000000000e+01
1.145037136333911520e-01 2.474938736665568961e-01 6.121580783005897697e-04 3.000000000000000000e+00 2.300000000000000000e+01
1.035911744458866829e-01 2.534528883520319464e-01 9.086292719580613131e-04 3.000000000000000000e+00 2.400000000000000000e+01
9.538567656581706244e-02 2.589738262738208174e-01 7.670237019292702740e-04 3.000000000000000000e+00 2.000000000000000000e+01
8.674921431279546125e-02 2.647950215420709630e-01 9.256754783618093008e-04 3.000000000000000000e+00 2.400000000000000000e+01
7.922379756586647725e-02 2.704768937180243582e-01 9.450041624975979992e-04 3.000000000000000000e+00 2.400000000000000000e+01
7.290458625709402007e-02 2.760436159945506840e-01 8.491829472062617512e-04 3.000000000000000000e+00 2.500000000000000000e+01
6.707012402598364065e-02 2.817338746803778604e-01 8.768981412158316502e-04 3.000000000000000000e+00 2.300000000000000000e+01
6.190692033646646303e-02 2.873551599241690457e-01 8.356398931894104543e-04 3.000000000000000000e+00 2.400000000000000000e+01
5.761185854812596319e-02 2.928640423260125414e-01 6.819788032152995783e-04 3.000000000000000000e+00 2.100000000000000000e+01
5.306918184348784900e-02 2.987238967984557902e-01 8.792897838408864075e-04 3.000000000000000000e+00 2.400000000000000000e+01
4.896546840143625040e-02 3.044652666839998134e-01 9.581161775673030512e-04 3.000000000000000000e+00 2.300000000000000000e+01
4.548091750515977777e-02 3.100252483350805499e-01 8.555543368304330265e-04 3.000000000000000000e+00 2.400000000000000000e+01
4.223334672790502592e-02 3.157074982564987975e-01 8.752607664310185775e-04 3.000000000000000000e+00 2.300000000000000000e+01
3.948960289906497390e-02 3.212617942311876695e-01 7.670132493023396059e-04 3.000000000000000000e+00 2.000000000000000000e+01
3.706208202919650252e-02 3.268603894283323430e-01 7.030649546293510355e-04 3.000000000000000000e+00 1.700000000000000000e+01
3.434228552539955737e-02 3.327221138590153449e-01 9.022458934947463760e-04 3.000000000000000000e+00 2.600000000000000000e+01
3.223096059939006136e-02 3.382972489030663943e-01 8.148374457281892802e-04 3.000000000000000000e+00 2.000000000000000000e+01
2.993591940786010860e-02 3.441652349485620488e-01 1.020279999406181748e-03 3.000000000000000000e+00 2.500000000000000000e+01
2.788109112306195667e-02 3.498297660340762838e-01 1.022267593102810235e-03 3.000000000000000000e+00 2.500000000000000000e+01
2.618836446234186141e-02 3.553023650279026335e-01 8.323230951115534459e-04 3.000000000000000000e+00 2.600000000000000000e+01
2.451794912424094808e-02 3.611038200153717792e-01 9.712345907630370867e-04 3.000000000000000000e+00 2.500000000000000000e+01
2.306095650681909415e-02 3.667856092838840398e-01 9.904803674576911909e-04 3.000000000000000000e+00 2.300000000000000000e+01
2.166166498792173808e-02 3.725307666783764238e-01 1.073094270132468608e-03 3.000000000000000000e+00 2.300000000000000000e+01
2.035146184469678599e-02 3.781999039222411207e-01 1.079688022179503548e-03 3.000000000000000000e+00 2.500000000000000000e+01
1.917004164615999234e-02 3.838064747948254918e-01 1.023715402946268060e-03 3.000000000000000000e+00 2.300000000000000000e+01
1.805815626247765648e-02 3.894773278880137579e-01 1.032025004316927674e-03 3.000000000000000000e+00 2.500000000000000000e+01
1.708430349154398467e-02 3.950796940017226588e-01 9.718476262081665595e-04 3.000000000000000000e+00 2.300000000000000000e+01
1.612099789617065307e-02 4.008279082279048167e-01 1.057518360572717864e-03 3.000000000000000000e+00 2.600000000000000000e+01
1.521002260302867573e-02 4.064973796884793211e-01 1.064446329329671315e-03 3.000000000000000000e+00 2.700000000000000000e+01
1.440655967202669058e-02 4.120064113760985025e-01 9.109345251311351532e-04 3.000000000000000000e+00 2.800000000000000000e+01
1.362728913331266896e-02 4.176746379325578240e-01 9.166175897729056388e-04 3.000000000000000000e+00 2.800000000000000000e+01
1.292512986497249168e-02 4.232307971082527320e-01 8.102332736502071420e-04 3.000000000000000000e+00 2.800000000000000000e+01
1.225041717606437444e-02 4.288991215456076644e-01 8.160142191874775186e-04 3.000000000000000000e+00 2.800000000000000000e+01
1.163216843156930115e-02 4.345470625708140466e-01 8.014117525762531891e-04 3.000000000000000000e+00 2.600000000000000000e+01
1.105782186187172396e-02 4.402011266539836432e-01 7.929323439282431885e-04 3.000000000000000000e+00 2.400000000000000000e+01
1.050858543547785427e-02 4.458004590868010486e-01 7.297212849279866020e-04 3.000000000000000000e+00 2.800000000000000000e+01
9.979829902989066290e-03 4.514552569354122746e-01 7.219756417216061095e-04 3.000000000000000000e+00 3.200000000000000000e+01
9.499552321191834930e-03 4.570252551622128179e-01 6.294303767045428266e-04 3.000000000000000000e+00 2.800000000000000000e+01
9.078014467107764496e-03 4.624830296781735628e-01 4.246614008476257141e-04 3.000000000000000000e+00 2.300000000000000000e+01
8.656206647725962766e-03 4.679360565972670583e-01 2.151448281235146531e-04 4.000000000000000000e+00 3.100000000000000000e+01
8.219016162649708801e-03 4.737970431477142030e-01 4.135878867530529135e-04 3.000000000000000000e+00 3.200000000000000000e+01
7.837415911725572129e-03 4.794811928855713945e-01 4.351941327925823444e-04 3.000000000000000000e+00 3.100000000000000000e+01
7.493648651740842173e-03 4.848857326115165733e-01 1.771903669201546627e-04 4.000000000000000000e+00 3.200000000000000000e+01
7.127054922345227826e-03 4.908045533434111096e-01 4.334676069971399315e-04 3.000000000000000000e+00 3.300000000000000000e+01
6.813149039886517815e-03 4.964072894274009218e-01 3.736601991692345415e-04 3.000000000000000000e+00 3.000000000000000000e+01
6.530782122240319162e-03 5.019705918890080554e-01 2.744191689587616168e-04 3.000000000000000000e+00 2.300000000000000000e+01
6.249558442985165586e-03 5.074761775127470953e-01 1.174613008801950187e-04 4.000000000000000000e+00 3.500000000000000000e+01
5.957315912936702283e-03 5.134339672712012748e-01 4.127075675167679591e-04 3.000000000000000000e+00 3.400000000000000000e+01
5.707974334547895670e-03 5.190278570018731497e-01 3.440538063710363303e-04 3.000000000000000000e+00 3.200000000000000000e+01
5.483754334173848721e-03 5.245704923641876238e-01 2.241456768677929645e-04 3.000000000000000000e+00 2.600000000000000000e+01
5.253181108044634867e-03 5.301417719075948165e-01 1.328817284573791113e-04 4.000000000000000000e+00 3.600000000000000000e+01
5.025328601931018831e-03 5.358529385932745415e-01 1.815049223194975525e-04 3.000000000000000000e+00 3.300000000000000000e+01
4.815293607738217393e-03 5.416162364828391862e-01 2.822593200665357571e-04 3.000000000000000000e+00 3.400000000000000000e+01
4.624830963234030645e-03 5.471204570228809239e-01 1.239363682906668984e-04 4.000000000000000000e+00 3.700000000000000000e+01
4.431542060951556422e-03 5.528413969996959221e-01 1.823328532880585939e-04 3.000000000000000000e+00 3.600000000000000000e+01
4.253668678183184469e-03 5.585685555602233343e-01 2.469479219977532836e-04 3.000000000000000000e+00 3.300000000000000000e+01
4.091523267915960806e-03 5.640908723321838014e-01 1.067212021407248912e-04 4.000000000000000000e+00 3.600000000000000000e+01
3.925048990055210983e-03 5.698847794291318491e-01 2.380848072711660990e-04 3.000000000000000000e+00 3.600000000000000000e+01
3.777731538025791338e-03 5.755307569990487648e-01 2.215188853703642380e-04 3.000000000000000000e+00 3.000000000000000000e+01
3.639351922676890491e-03 5.812047527752323139e-01 2.329711697363068268e-04 3.000000000000000000e+00 2.800000000000000000e+01
3.503229443826157748e-03 5.867176015463549943e-01 8.327644904138065129e-05 4.000000000000000000e+00 3.700000000000000000e+01
3.374661689218392147e-03 5.924330972976278309e-01 1.362287084966107287e-04 3.000000000000000000e+00 3.000000000000000000e+01
3.244829433397029492e-03 5.980469621043792428e-01 8.755002343041606849e-05 4.000000000000000000e+00 3.800000000000000000e+01
3.126100190434113503e-03 6.037332846172196454e-01 1.113290444532122336e-04 3.000000000000000000e+00 2.700000000000000000e+01
3.011680888664438997e-03 6.093667009133241219e-01 8.220184873997116171e-05 4.000000000000000000e+00 3.900000000000000000e+01
2.901211434327309689e-03 6.149928947063334483e-01 4.585214993169106634e-05 4.000000000000000000e+00 4.000000000000000000e+01
2.797844018914380330e-03 6.206681755721676907e-01 5.858952394832694921e-05 4.000000000000000000e+00 3.800000000000000000e+01
2.701715683190325425e-03 6.263667041377234401e-01 9.457459768646980791e-05 3.000000000000000000e+00 2.900000000000000000e+01
2.604818237035333266e-03 6.319993339326887005e-01 6.466090083412368017e-05 4.000000000000000000e+00 3.800000000000000000e+01
2.515085935106854600e-03 6.377003293709430087e-01 1.031128472708253696e-04 3.000000000000000000e+00 2.900000000000000000e+01
2.427688771190307689e-03 6.432777204181822084e-01 1.796040269230747555e-05 5.000000000000000000e+00 4.400000000000000000e+01
2.342364390462584565e-03 6.489548478673069498e-01 3.254435999955340719e-05 4.000000000000000000e+00 3.900000000000000000e+01
2.263093936437750135e-03 6.546294166359509781e-01 4.456963682597514520e-05 4.000000000000000000e+00 4.100000000000000000e+01
2.185563703466819694e-03 6.603009595200665105e-01 5.356902912379002402e-05 4.000000000000000000e+00 4.200000000000000000e+01
2.112709033938716795e-03 6.659468785318201078e-01 3.694454905978084014e-05 4.000000000000000000e+00 4.200000000000000000e+01
2.044590315301291795e-03 6.716453093107503935e-01 7.283183617246002939e-05 2.000000000000000000e+00 1.600000000000000000e+01
1.977917513417970508e-03 6.772493065270469570e-01 1.428556065141695086e-05 5.000000000000000000e+00 4.700000000000000000e+01
1.911828809288293896e-03 6.829314244516891952e-01 3.385999347604862209e-05 4.000000000000000000e+00 4.200000000000000000e+01
1.849936026834779349e-03 6.885933929288979849e-01 3.328497886723180699e-05 4.000000000000000000e+00 4.100000000000000000e+01
1.791006087685373220e-03 6.943393935319330801e-01 1.167420900846094511e-04 3.000000000000000000e+00 3.700000000000000000e+01
1.737842291810742529e-03 6.999344704918127880e-01 4.927555814671080725e-05 3.000000000000000000e+00 2.900000000000000000e+01
1.682629923664381681e-03 7.055594628357887421e-01 1.172441030505844139e-05 5.000000000000000000e+00 4.600000000000000000e+01
1.628241987874479808e-03 7.112883575921674639e-01 7.807567486617372765e-05 3.000000000000000000e+00 4.000000000000000000e+01
1.578546484115026611e-03 7.168836440426558099e-01 1.081863353691314700e-05 5.000000000000000000e+00 4.500000000000000000e+01
1.528961324224832000e-03 7.225612066927925570e-01 2.583779185605372675e-05 4.000000000000000000e+00 4.100000000000000000e+01
1.482386645555159059e-03 7.282251854561947457e-01 2.727306344052493614e-05 4.000000000000000000e+00 4.400000000000000000e+01
1.437365432262066112e-03 7.338697297947835985e-01 9.273910211882174792e-06 5.000000000000000000e+00 4.700000000000000000e+01
1.394856738866354258e-03 7.395602776264207368e-01 3.727825003141393978e-05 2.000000000000000000e+00 1.300000000000000000e+01
1.353716673594036702e-03 7.452151990084167066e-01 2.965614020966622633e-05 4.000000000000000000e+00 3.900000000000000000e+01
1.313187916304676180e-03 7.508633702713953806e-01 1.528391137084472717e-05 4.000000000000000000e+00 4.200000000000000000e+01
1.274814323666584618e-03 7.565354074110614002e-01 2.477755921914681636e-05 4.000000000000000000e+00 4.200000000000000000e+01
1.237562692778144307e-03 7.621831064088444574e-01 9.933065184597467123e-06 5.000000000000000000e+00 4.700000000000000000e+01
1.201634390700787730e-03 7.678511439551146678e-01 1.542711963720133639e-05 4.000000000000000000e+00 4.500000000000000000e+01
1.168184778090042113e-03 7.735276785030485991e-01 2.941817575352612124e-05 2.000000000000000000e+00 1.700000000000000000e+01
1.135144740632596742e-03 7.791683613208826298e-01 7.557501769839269912e-06 5.000000000000000000e+00 4.400000000000000000e+01
1.102594576290640569e-03 7.848277661533453742e-01 4.418842415088164444e-06 6.000000000000000000e+00 4.700000000000000000e+01
1.072662523176202932e-03 7.905190112798377022e-01 3.312047708969867443e-05 2.000000000000000000e+00 2.100000000000000000e+01
1.042849539874303455e-03 7.961549002978197676e-01 6.466003254157470792e-06 5.000000000000000000e+00 4.800000000000000000e+01
1.014709787067117567e-03 8.018659960422834798e-01 5.501825590037423552e-05 3.000000000000000000e+00 3.900000000000000000e+01
9.864423034929941086e-04 8.074799546361609570e-01 6.433357960133889719e-06 5.000000000000000000e+00 5.000000000000000000e+01
9.599628067268848068e-04 8.131655821953069907e-01 2.951742528845002767e-05 2.000000000000000000e+00 2.200000000000000000e+01
9.335321309289078447e-04 8.188046720446496840e-01 6.063782813647833336e-06 5.000000000000000000e+00 4.800000000000000000e+01
9.081675132786076396e-04 8.244770064716195890e-01 1.585471796594628557e-05 4.000000000000000000e+00 4.400000000000000000e+01
8.849540819414875286e-04 8.301449180999557198e-01 2.122285448435956567e-05 2.000000000000000000e+00 1.800000000000000000e+01
8.614980754804468007e-04 8.357915618093287868e-01 5.323072039931098232e-06 5.000000000000000000e+00 4.900000000000000000e+01
8.382975967284792386e-04 8.414511605207110057e-01 2.378291604432369866e-06 6.000000000000000000e+00 4.800000000000000000e+01
8.164754583396218899e-04 8.471159592638080049e-01 4.633542883825114700e-06 5.000000000000000000e+00 4.700000000000000000e+01
7.952580841765757250e-04 8.528473754370116122e-01 7.350622426982589275e-05 3.000000000000000000e+00 3.900000000000000000e+01
7.759794899445066150e-04 8.584538755831331303e-01 1.746287857373740593e-05 2.000000000000000000e+00 1.900000000000000000e+01
7.759794899445066150e-04 8.584538755831331303e-01 0.000000000000000000e+00 1.000000000000000000e+00 8.000000000000000000e+00
7.759794899445066150e-04 8.584538755831331303e-01 0.000000000000000000e+00 1.000000000000000000e+00 8.000000000000000000e+00
7.759794899445066150e-04 8.584538755831331303e-01 0.000000000000000000e+00 1.000000000000000000e+00 8.000000000000000000e+00
7.759794899445066150e-04 8.584538755831331303e-01 0.000000000000000000e+00 1.000000000000000000e+00 8.000000000000000000e+00
7.759794899445066150e-04 8.584538755831331303e-01 0.000000000000000000e+00 1.000000000000000000e+00 8.000000000000000000e+00
7.759794899445066150e-04 8.584538755831331303e-01 0.000000000000000000e+00 1.000000000000000000e+00 8.000000000000000000e+00
7.759794899445066150e-04 8.584538755831331303e-01 0.000000000000000000e+00 1.000000000000000000e+00 8.000000000000000000e+00
7.759794899445066150e-04 8.584538755831331303e-01 0.000000000000000000e+00 1.000000000000000000e+00 8.000000000000000000e+00
7.759794899445066150e-04 8.584538755831331303e-01 0.000000000000000000e+00 1.000000000000000000e+00 8.000000000000000000e+00
7.759794899445066150e-04 8.584538755831331303e-01 0.000000000000000000e+00 1.000000000000000000e+00 8.000000000000000000e+00
7.759794899445066150e-04 8.584538755831331303e-01 0.000000000000000000e+00 1.000000000000000000e+00 8.000000000000000000e+00
7.759794899445066150e-04 8.584538755831331303e-01 0.000000000000000000e+00 1.000000000000000000e+00 8.000000000000000000e+00
7.759794899445066150e-04 8.584538755831331303e-01 0.000000000000000000e+00 1.000000000000000000e+00 8.000000000000000000e+00
7.759794899445066150e-04 8.584538755831331303e-01 0.000000000000000000e+00 1.000000000000000000e+00 8.000000000000000000e+00
7.759794899445066150e-04 8.584538755831331303e-01 0.000000000000000000e+00 1.000000000000000000e+00 8.000000000000000000e+00
7.759794899445066150e-04 8.584538755831331303e-01 0.000000000000000000e+00 1.000000000000000000e+00 8.000000000000000000e+00
7.759794899445066150e-04 8.584538755831331303e-01 0.000000000000000000e+00 1.000000000000000000e+00 8.000000000000000000e+00
7.759794899445066150e-04 8.584538755831331303e-01 0.000000000000000000e+00 1.000000000000000000e+00 8.000000000000000000e+00
7.759794899445066150e-04 8.584538755831331303e-01 0.000000000000000000e+00 1.000000000000000000e+00 8.000000000000000000e+00
7.759794899445066150e-04 8.584538755831331303e-01 0.000000000000000000e+00 1.000000000000000000e+00 8.000000000000000000e+00
7.759794899445066150e-04 8.584538755831331303e-01 0.000000000000000000e+00 1.000000000000000000e+00 8.000000000000000000e+00
7.759794899445066150e-04 8.584538755831331303e-01 0.000000000000000000e+00 1.000000000000000000e+00 8.000000000000000000e+00
7.759794899445066150e-04 8.584538755831331303e-01 0.000000000000000000e+00 1.000000000000000000e+00 8.000000000000000000e+00
7.759794899445066150e-04 8.584538755831331303e-01 0.000000000000000000e+00 1.000000000000000000e+00 8.000000000000000000e+00
