# energyFactor	econcomicFactor	constraintViolation	iteration	functionCalls
5.487897082409460810e-04 9.603077141890095092e-01 0.000000000000000000e+00 1.000000000000000000e+00 6.660000000000000000e+02
8.571845991000439646e-01 1.605135323788642043e-01 0.000000000000000000e+00 1.000000000000000000e+00 6.660000000000000000e+02
5.169332500003004371e-01 1.817318582408225802e-01 0.000000000000000000e+00 1.000000000000000000e+00 6.660000000000000000e+02
5.423290880107094480e-01 1.795753189468647093e-01 0.000000000000000000e+00 1.000000000000000000e+00 6.660000000000000000e+02
4.428251957970432140e-01 1.877741780365826674e-01 0.000000000000000000e+00 1.000000000000000000e+00 6.660000000000000000e+02
4.614218052258178826e-01 1.853516842591220737e-01 0.000000000000000000e+00 1.000000000000000000e+00 6.660000000000000000e+02
5.669524648556054647e-01 1.769419951321914708e-01 0.000000000000000000e+00 1.000000000000000000e+00 6.660000000000000000e+02
8.862225114521433966e-02 2.852028078599526673e-01 0.000000000000000000e+00 1.000000000000000000e+00 6.660000000000000000e+02
1.259841209213106716e-01 2.639532069824400140e-01 0.000000000000000000e+00 1.000000000000000000e+00 6.660000000000000000e+02
6.694151198044253626e-01 1.696750245309492366e-01 0.000000000000000000e+00 1.000000000000000000e+00 6.660000000000000000e+02
1.651056613310161181e-01 2.424684978921769762e-01 0.000000000000000000e+00 1.000000000000000000e+00 6.660000000000000000e+02
3.099989436493845174e-01 2.048847045954621249e-01 0.000000000000000000e+00 1.000000000000000000e+00 6.660000000000000000e+02
6.910506838486307757e-02 3.039864221473111972e-01 0.000000000000000000e+00 1.000000000000000000e+00 6.660000000000000000e+02
5.477549489191285703e-01 1.777776951812689021e-01 0.000000000000000000e+00 1.000000000000000000e+00 6.660000000000000000e+02
3.240282036051137515e-01 2.042861109883398474e-01 0.000000000000000000e+00 1.000000000000000000e+00 6.660000000000000000e+02
5.514303478526742450e-03 5.509490583059634128e-01 0.000000000000000000e+00 1.000000000000000000e+00 6.660000000000000000e+02
3.905106957387176614e-01 1.940031586109531858e-01 0.000000000000000000e+00 1.000000000000000000e+00 6.660000000000000000e+02
2.793085198674695735e-01 2.107162036647548531e-01 0.000000000000000000e+00 1.000000000000000000e+00 6.660000000000000000e+02
1.368347279154840945e-01 2.563542863537280891e-01 0.000000000000000000e+00 1.000000000000000000e+00 6.660000000000000000e+02
6.819362232683641167e-01 1.688658402030493721e-01 0.000000000000000000e+00 1.000000000000000000e+00 6.660000000000000000e+02
1.090292936274882447e-02 4.829157316812610623e-01 0.000000000000000000e+00 1.000000000000000000e+00 6.660000000000000000e+02
1.029169582454084230e-03 8.290183388141655341e-01 0.000000000000000000e+00 1.000000000000000000e+00 6.660000000000000000e+02
8.869926183427234538e-04 8.500087644878416837e-01 0.000000000000000000e+00 1.000000000000000000e+00 6.660000000000000000e+02
3.461970037600028416e-01 1.985272027282863616e-01 0.000000000000000000e+00 1.000000000000000000e+00 6.660000000000000000e+02
6.925914933667031148e-01 1.685266235249648636e-01 0.000000000000000000e+00 1.000000000000000000e+00 6.660000000000000000e+02
6.569613227381005706e-03 5.346585848205224201e-01 0.000000000000000000e+00 1.000000000000000000e+00 6.660000000000000000e+02
2.979690933671800823e-01 2.061385995599933074e-01 0.000000000000000000e+00 1.000000000000000000e+00 6.660000000000000000e+02
4.929297275615200924e-01 1.832101419012556465e-01 0.000000000000000000e+00 1.000000000000000000e+00 6.660000000000000000e+02
2.912696436876509587e-01 2.096422105353421272e-01 0.000000000000000000e+00 1.000000000000000000e+00 6.660000000000000000e+02
2.373014630241781775e-01 2.193044599484412771e-01 0.000000000000000000e+00 1.000000000000000000e+00 6.660000000000000000e+02
1.220897978380156707e-02 4.633987339351891555e-01 0.000000000000000000e+00 1.000000000000000000e+00 6.660000000000000000e+02
3.792481452542032384e-03 6.017371915632105939e-01 0.000000000000000000e+00 1.000000000000000000e+00 6.660000000000000000e+02
2.143078998961672199e-01 2.264739176887193561e-01 0.000000000000000000e+00 1.000000000000000000e+00 6.660000000000000000e+02
5.807101456884100274e-04 9.497428731303841909e-01 0.000000000000000000e+00 1.000000000000000000e+00 6.660000000000000000e+02
3.771841750296375806e-01 1.952090660350220552e-01 0.000000000000000000e+00 1.000000000000000000e+00 6.660000000000000000e+02
1.472716023583111808e-02 4.510733517101268020e-01 0.000000000000000000e+00 1.000000000000000000e+00 6.660000000000000000e+02
7.966808705891184061e-01 1.629446109859871705e-01 0.000000000000000000e+00 1.000000000000000000e+00 6.660000000000000000e+02
6.231732453629088564e-01 1.722933251201194949e-01 0.000000000000000000e+00 1.000000000000000000e+00 6.660000000000000000e+02
7.803958131609289861e-01 1.646304370176666920e-01 0.000000000000000000e+00 1.000000000000000000e+00 6.660000000000000000e+02
1.185321902135280936e-01 2.670697899354627647e-01 0.000000000000000000e+00 1.000000000000000000e+00 6.660000000000000000e+02
4.481024472883509378e-03 5.681222717470620909e-01 0.000000000000000000e+00 1.000000000000000000e+00 6.660000000000000000e+02
1.550978778827109550e-01 2.466540859569276989e-01 0.000000000000000000e+00 1.000000000000000000e+00 6.660000000000000000e+02
6.545524437088980907e-01 1.702373157952109528e-01 0.000000000000000000e+00 1.000000000000000000e+00 6.660000000000000000e+02
2.535046803699331774e-01 2.150539282168546229e-01 0.000000000000000000e+00 1.000000000000000000e+00 6.660000000000000000e+02
7.048968276044457193e-01 1.679237170044357852e-01 0.000000000000000000e+00 1.000000000000000000e+00 6.660000000000000000e+02
3.598428978199240402e-02 3.565888565458335546e-01 0.000000000000000000e+00 1.000000000000000000e+00 6.660000000000000000e+02
8.082583881621879796e-01 1.626777525950825198e-01 0.000000000000000000e+00 1.000000000000000000e+00 6.660000000000000000e+02
8.094193466837849849e-02 2.962676481624332281e-01 0.000000000000000000e+00 1.000000000000000000e+00 6.660000000000000000e+02
2.487107081128165920e-01 2.187139242129494121e-01 0.000000000000000000e+00 1.000000000000000000e+00 6.660000000000000000e+02
1.100507821572676570e-01 2.698312757403167894e-01 0.000000000000000000e+00 1.000000000000000000e+00 6.660000000000000000e+02
4.817934169345458595e-01 1.840837206362552214e-01 0.000000000000000000e+00 1.000000000000000000e+00 6.660000000000000000e+02
3.543618618125103648e-02 3.711138056008176922e-01 0.000000000000000000e+00 1.000000000000000000e+00 6.660000000000000000e+02
7.435688270028123492e-01 1.657404715330657585e-01 0.000000000000000000e+00 1.000000000000000000e+00 6.660000000000000000e+02
7.993255106475374849e-02 2.964925404818023469e-01 0.000000000000000000e+00 1.000000000000000000e+00 6.660000000000000000e+02
8.620519779774429153e-04 8.576188395897049732e-01 0.000000000000000000e+00 1.000000000000000000e+00 6.660000000000000000e+02
8.052573654297575040e-04 8.746604321519312331e-01 0.000000000000000000e+00 1.000000000000000000e+00 6.660000000000000000e+02
8.468130334774186530e-01 1.610272534394699417e-01 0.000000000000000000e+00 1.000000000000000000e+00 6.660000000000000000e+02
6.275222702259740165e-04 9.320840401574193024e-01 0.000000000000000000e+00 1.000000000000000000e+00 6.660000000000000000e+02
2.300188458724492790e-01 2.232150218729453128e-01 0.000000000000000000e+00 1.000000000000000000e+00 6.660000000000000000e+02
5.434062797399507455e-03 5.568458550054650180e-01 0.000000000000000000e+00 1.000000000000000000e+00 6.660000000000000000e+02
4.314983078305707487e-01 1.890464282317251554e-01 0.000000000000000000e+00 1.000000000000000000e+00 6.660000000000000000e+02
7.517627169625636929e-01 1.654409286012601954e-01 0.000000000000000000e+00 1.000000000000000000e+00 6.660000000000000000e+02
6.786236838743841919e-03 5.298581288044779125e-01 0.000000000000000000e+00 1.000000000000000000e+00 6.660000000000000000e+02
1.303642585102606595e-03 7.776215086729629800e-01 0.000000000000000000e+00 1.000000000000000000e+00 6.660000000000000000e+02
2.231832980373562314e-01 2.242612193158522449e-01 0.000000000000000000e+00 1.000000000000000000e+00 6.660000000000000000e+02
7.127109166018866793e-01 1.670963895346113393e-01 0.000000000000000000e+00 1.000000000000000000e+00 6.660000000000000000e+02
1.560484909852396119e-03 7.473727166348308470e-01 0.000000000000000000e+00 1.000000000000000000e+00 6.660000000000000000e+02
4.109414626461261322e-01 1.913463021407742493e-01 0.000000000000000000e+00 1.000000000000000000e+00 6.660000000000000000e+02
6.396471193412938128e-01 1.709603225109472269e-01 0.000000000000000000e+00 1.000000000000000000e+00 6.660000000000000000e+02
1.756040184410746496e-01 2.388633287606446998e-01 0.000000000000000000e+00 1.000000000000000000e+00 6.660000000000000000e+02
1.226955351762759605e-03 7.947099362693542668e-01 0.000000000000000000e+00 1.000000000000000000e+00 6.660000000000000000e+02
7.655236485352922005e-01 1.646735696995224318e-01 0.000000000000000000e+00 1.000000000000000000e+00 6.660000000000000000e+02
8.171690515117674414e-01 1.625995371764884789e-01 0.000000000000000000e+00 1.000000000000000000e+00 6.660000000000000000e+02
3.623274035695185913e-01 1.967238907105570422e-01 0.000000000000000000e+00 1.000000000000000000e+00 6.660000000000000000e+02
7.865403371236086016e-01 1.633888266072394124e-01 0.000000000000000000e+00 1.000000000000000000e+00 6.660000000000000000e+02
6.310223521727351681e-01 1.718104868295706744e-01 0.000000000000000000e+00 1.000000000000000000e+00 6.660000000000000000e+02
5.075667498462135135e-02 3.290222182610150758e-01 0.000000000000000000e+00 1.000000000000000000e+00 6.660000000000000000e+02
5.952885990298129038e-02 3.141416628656515941e-01 0.000000000000000000e+00 1.000000000000000000e+00 6.660000000000000000e+02
8.363933410287708314e-01 1.615586449876584008e-01 0.000000000000000000e+00 1.000000000000000000e+00 6.660000000000000000e+02
1.716385506477190528e-02 4.186615993949256986e-01 0.000000000000000000e+00 1.000000000000000000e+00 6.660000000000000000e+02
6.460957072893326386e-04 9.252448946768003779e-01 0.000000000000000000e+00 1.000000000000000000e+00 6.660000000000000000e+02
1.389788020163136443e-03 7.643329205138975624e-01 0.000000000000000000e+00 1.000000000000000000e+00 6.660000000000000000e+02
7.323456985452438950e-01 1.661351554289641208e-01 0.000000000000000000e+00 1.000000000000000000e+00 6.660000000000000000e+02
1.827312090850174986e-02 4.137675820582944475e-01 0.000000000000000000e+00 1.000000000000000000e+00 6.660000000000000000e+02
8.039366805790471070e-04 8.762681982914339862e-01 0.000000000000000000e+00 1.000000000000000000e+00 6.660000000000000000e+02
6.095429411796282615e-01 1.726705700792957598e-01 0.000000000000000000e+00 1.000000000000000000e+00 6.660000000000000000e+02
2.646557724079584561e-01 2.133196360409423675e-01 0.000000000000000000e+00 1.000000000000000000e+00 6.660000000000000000e+02
7.361366845709130594e-03 5.173713187748294473e-01 0.000000000000000000e+00 1.000000000000000000e+00 6.660000000000000000e+02
2.225999476133582854e-03 6.993097078533196953e-01 0.000000000000000000e+00 1.000000000000000000e+00 6.660000000000000000e+02
3.298890915962470003e-03 6.379881963033238179e-01 0.000000000000000000e+00 1.000000000000000000e+00 6.660000000000000000e+02
1.619963899585661476e-02 4.316821337045499973e-01 0.000000000000000000e+00 1.000000000000000000e+00 6.660000000000000000e+02
1.826775796319581990e-03 7.218090686412474977e-01 0.000000000000000000e+00 1.000000000000000000e+00 6.660000000000000000e+02
6.846997684835709258e-04 9.109008109230523065e-01 0.000000000000000000e+00 1.000000000000000000e+00 6.660000000000000000e+02
9.433718078055612632e-02 2.806000035430554762e-01 0.000000000000000000e+00 1.000000000000000000e+00 6.660000000000000000e+02
3.703144105140543929e-01 1.961676105052414243e-01 0.000000000000000000e+00 1.000000000000000000e+00 6.660000000000000000e+02
2.033480486262272038e-03 7.076816164687711463e-01 0.000000000000000000e+00 1.000000000000000000e+00 6.660000000000000000e+02
2.472626605344662234e-02 3.888744920207253819e-01 0.000000000000000000e+00 1.000000000000000000e+00 6.660000000000000000e+02
2.400523350262000286e-03 6.856680442378406681e-01 0.000000000000000000e+00 1.000000000000000000e+00 6.660000000000000000e+02
4.119396841151833077e-02 3.513755470445351081e-01 0.000000000000000000e+00 1.000000000000000000e+00 6.660000000000000000e+02
2.047871795277943774e-01 2.285909504969610984e-01 0.000000000000000000e+00 1.000000000000000000e+00 6.660000000000000000e+02
4.321957165909388887e-02 3.409215900139825894e-01 0.000000000000000000e+00 1.000000000000000000e+00 6.660000000000000000e+02
7.299265152993531999e-04 8.905055589842888475e-01 0.000000000000000000e+00 1.000000000000000000e+00 6.660000000000000000e+02
3.027322650357421388e-03 6.518233642793691551e-01 0.000000000000000000e+00 1.000000000000000000e+00 6.660000000000000000e+02
6.488031641466188715e-01 1.707804757190863887e-01 0.000000000000000000e+00 1.000000000000000000e+00 6.660000000000000000e+02
5.037976185134013241e-01 1.825487350375725459e-01 0.000000000000000000e+00 1.000000000000000000e+00 6.660000000000000000e+02
1.471287158491048908e-01 2.526513436757847897e-01 0.000000000000000000e+00 1.000000000000000000e+00 6.660000000000000000e+02
1.035677916320166224e-02 4.844151424521359606e-01 0.000000000000000000e+00 1.000000000000000000e+00 6.660000000000000000e+02
1.067322234683403537e-01 2.753474786145050923e-01 0.000000000000000000e+00 1.000000000000000000e+00 6.660000000000000000e+02
3.999383378596510497e-01 1.932559214267682846e-01 0.000000000000000000e+00 1.000000000000000000e+00 6.660000000000000000e+02
1.510095424526094110e-03 7.547911214628735266e-01 0.000000000000000000e+00 1.000000000000000000e+00 6.660000000000000000e+02
7.030724155563401051e-04 9.044632761359929773e-01 0.000000000000000000e+00 1.000000000000000000e+00 6.660000000000000000e+02
4.338532485188608019e-03 5.785472482008433559e-01 0.000000000000000000e+00 1.000000000000000000e+00 6.660000000000000000e+02
2.089762798531295124e-02 4.035600142907295740e-01 0.000000000000000000e+00 1.000000000000000000e+00 6.660000000000000000e+02
4.065970075363754647e-03 5.902662958201818633e-01 0.000000000000000000e+00 1.000000000000000000e+00 6.660000000000000000e+02
1.262511688505171467e-02 4.597091486017635953e-01 0.000000000000000000e+00 1.000000000000000000e+00 6.660000000000000000e+02
7.176793393544068098e-04 8.957510319979301583e-01 0.000000000000000000e+00 1.000000000000000000e+00 6.660000000000000000e+02
3.428055499490108571e-01 2.008767550740974961e-01 0.000000000000000000e+00 1.000000000000000000e+00 6.660000000000000000e+02
1.657074203739194269e-03 7.371830232055208709e-01 0.000000000000000000e+00 1.000000000000000000e+00 6.660000000000000000e+02
7.618200786674542702e-01 1.647154243099490933e-01 0.000000000000000000e+00 1.000000000000000000e+00 6.660000000000000000e+02
5.554217411403930549e-02 3.229520370959854114e-01 0.000000000000000000e+00 1.000000000000000000e+00 6.660000000000000000e+02
7.230070507697684556e-01 1.670200207951805238e-01 0.000000000000000000e+00 1.000000000000000000e+00 6.660000000000000000e+02
9.909675437337185297e-03 4.964035374278822910e-01 0.000000000000000000e+00 1.000000000000000000e+00 6.660000000000000000e+02
1.510920839030249208e-01 2.500078280972850564e-01 0.000000000000000000e+00 1.000000000000000000e+00 6.660000000000000000e+02
3.024247086133011186e-02 3.810436315748794711e-01 0.000000000000000000e+00 1.000000000000000000e+00 6.660000000000000000e+02
1.417586503417276600e-01 2.557849229314089756e-01 0.000000000000000000e+00 1.000000000000000000e+00 6.660000000000000000e+02
2.630262559638974883e-03 6.675672331582820362e-01 0.000000000000000000e+00 1.000000000000000000e+00 6.660000000000000000e+02
5.872104974378538067e-01 1.750791239311739467e-01 0.000000000000000000e+00 1.000000000000000000e+00 6.660000000000000000e+02
5.997372078262204198e-01 1.740851793898212652e-01 0.000000000000000000e+00 1.000000000000000000e+00 6.660000000000000000e+02
5.072853688107153980e-01 1.821005158275002256e-01 0.000000000000000000e+00 1.000000000000000000e+00 6.660000000000000000e+02
1.690875645408795522e-03 7.338719997008962270e-01 0.000000000000000000e+00 1.000000000000000000e+00 6.660000000000000000e+02
3.740461486918886767e-03 6.133295406073643319e-01 0.000000000000000000e+00 1.000000000000000000e+00 6.660000000000000000e+02
3.338341588974171881e-01 2.027319337044511394e-01 0.000000000000000000e+00 1.000000000000000000e+00 6.660000000000000000e+02
8.263326365916729976e-01 1.621554506714210087e-01 0.000000000000000000e+00 1.000000000000000000e+00 6.660000000000000000e+02
7.918323803252762597e-03 5.101666680829923806e-01 0.000000000000000000e+00 1.000000000000000000e+00 6.660000000000000000e+02
1.257795406003140099e-03 7.880224941857651988e-01 0.000000000000000000e+00 1.000000000000000000e+00 6.660000000000000000e+02
2.688855087189367943e-01 2.116813077775576146e-01 0.000000000000000000e+00 1.000000000000000000e+00 6.660000000000000000e+02
1.786218698637022650e-01 2.375250929107212139e-01 0.000000000000000000e+00 1.000000000000000000e+00 6.660000000000000000e+02
5.823636580074202651e-02 3.224452562634026465e-01 0.000000000000000000e+00 1.000000000000000000e+00 6.660000000000000000e+02
4.922921167989668945e-02 3.337380486645574185e-01 0.000000000000000000e+00 1.000000000000000000e+00 6.660000000000000000e+02
1.075826751101445359e-03 8.168692158173092022e-01 0.000000000000000000e+00 1.000000000000000000e+00 6.660000000000000000e+02
4.725701360484920177e-01 1.852867861251669135e-01 0.000000000000000000e+00 1.000000000000000000e+00 6.660000000000000000e+02
2.531233819903407675e-03 6.768169944929770532e-01 0.000000000000000000e+00 1.000000000000000000e+00 6.660000000000000000e+02
4.038438839282659232e-01 1.922490054860670483e-01 0.000000000000000000e+00 1.000000000000000000e+00 6.660000000000000000e+02
3.976641986407253131e-03 5.920432650122702256e-01 0.000000000000000000e+00 1.000000000000000000e+00 6.660000000000000000e+02
4.213190872949518218e-01 1.908907482008453949e-01 0.000000000000000000e+00 1.000000000000000000e+00 6.660000000000000000e+02
1.118146850356917677e-03 8.060463195756003563e-01 0.000000000000000000e+00 1.000000000000000000e+00 6.660000000000000000e+02
1.128088218914756946e-03 8.054569309674495248e-01 0.000000000000000000e+00 1.000000000000000000e+00 6.660000000000000000e+02
9.446641363132488034e-03 5.015038045154768254e-01 0.000000000000000000e+00 1.000000000000000000e+00 6.660000000000000000e+02
1.848539690487261133e-01 2.349644388122621996e-01 0.000000000000000000e+00 1.000000000000000000e+00 6.660000000000000000e+02
2.415062679034494370e-02 3.903017123282673251e-01 0.000000000000000000e+00 1.000000000000000000e+00 6.660000000000000000e+02
