# energyFactor	econcomicFactor	constraintViolation	iteration	functionCalls
8.522858281037344330e-01 1.506184647839579616e-01 0.000000000000000000e+00 6.600000000000000000e+01 6.300000000000000000e+01
7.328172446659624306e-01 1.562810170438172774e-01 0.000000000000000000e+00 5.700000000000000000e+01 4.800000000000000000e+01
6.335370763860919130e-01 1.619435600061217562e-01 0.000000000000000000e+00 5.700000000000000000e+01 4.800000000000000000e+01
5.504922236516567313e-01 1.676061028837916578e-01 0.000000000000000000e+00 5.900000000000000000e+01 5.000000000000000000e+01
4.806028828012712251e-01 1.732686456753388116e-01 0.000000000000000000e+00 5.900000000000000000e+01 5.100000000000000000e+01
4.214489672134213438e-01 1.789311883603597331e-01 0.000000000000000000e+00 5.900000000000000000e+01 5.100000000000000000e+01
3.711136006910459306e-01 1.845937309362383483e-01 0.000000000000000000e+00 5.700000000000000000e+01 4.900000000000000000e+01
3.280671332156288589e-01 1.902562733879950008e-01 0.000000000000000000e+00 6.300000000000000000e+01 5.500000000000000000e+01
2.910803573248104126e-01 1.959188157091550364e-01 0.000000000000000000e+00 6.000000000000000000e+01 5.200000000000000000e+01
2.591589867817083448e-01 2.015813578759703961e-01 0.000000000000000000e+00 6.100000000000000000e+01 5.200000000000000000e+01
2.314937672973486626e-01 2.072438998917998099e-01 0.000000000000000000e+00 6.100000000000000000e+01 5.200000000000000000e+01
2.074221458816558339e-01 2.129064520560740581e-01 0.000000000000000000e+00 6.200000000000000000e+01 5.400000000000000000e+01
1.863988662359267745e-01 2.185689833706675467e-01 0.000000000000000000e+00 6.300000000000000000e+01 5.500000000000000000e+01
1.679724581957906526e-01 2.242315382611694830e-01 0.000000000000000000e+00 6.200000000000000000e+01 5.500000000000000000e+01
1.517677317864820907e-01 2.298940812986283166e-01 0.000000000000000000e+00 6.400000000000000000e+01 5.600000000000000000e+01
1.374710601234730989e-01 2.355566242882092820e-01 0.000000000000000000e+00 6.500000000000000000e+01 5.700000000000000000e+01
1.248192595443892577e-01 2.412191672255782904e-01 0.000000000000000000e+00 6.300000000000000000e+01 5.400000000000000000e+01
1.135905067233217713e-01 2.468817101083849441e-01 0.000000000000000000e+00 6.500000000000000000e+01 5.800000000000000000e+01
1.035970800608150000e-01 2.525442529311744955e-01 0.000000000000000000e+00 6.400000000000000000e+01 5.600000000000000000e+01
9.467950219429278891e-02 2.582067956903436601e-01 0.000000000000000000e+00 6.300000000000000000e+01 5.500000000000000000e+01
8.670178969471674379e-02 2.638693383805644777e-01 0.000000000000000000e+00 6.500000000000000000e+01 5.700000000000000000e+01
7.954758234153785912e-02 2.695318809988794806e-01 0.000000000000000000e+00 6.600000000000000000e+01 5.800000000000000000e+01
7.311697480698188534e-02 2.751944235389740534e-01 0.000000000000000000e+00 5.900000000000000000e+01 5.100000000000000000e+01
6.732391200003762233e-02 2.808569659944373798e-01 0.000000000000000000e+00 6.400000000000000000e+01 5.600000000000000000e+01
6.209403891792307506e-02 2.865195083647517627e-01 0.000000000000000000e+00 6.000000000000000000e+01 5.100000000000000000e+01
5.736291859304512575e-02 2.921820506387792227e-01 0.000000000000000000e+00 6.000000000000000000e+01 5.100000000000000000e+01
5.307454946687224784e-02 2.978445928148402144e-01 0.000000000000000000e+00 5.900000000000000000e+01 5.000000000000000000e+01
4.918012737677781437e-02 3.035071348832789617e-01 0.000000000000000000e+00 6.100000000000000000e+01 5.200000000000000000e+01
4.563700812213451752e-02 3.091696768432164455e-01 0.000000000000000000e+00 6.200000000000000000e+01 5.300000000000000000e+01
4.240783518135780861e-02 3.148322186833620862e-01 0.000000000000000000e+00 6.000000000000000000e+01 5.100000000000000000e+01
3.945980387532405792e-02 3.204947603991169514e-01 0.000000000000000000e+00 5.800000000000000000e+01 4.900000000000000000e+01
3.676403870284433717e-02 3.261573019773705284e-01 0.000000000000000000e+00 5.800000000000000000e+01 4.800000000000000000e+01
3.429506481486832570e-02 3.318198434279402420e-01 0.000000000000000000e+00 6.000000000000000000e+01 5.000000000000000000e+01
3.203035813544717614e-02 3.374823847257010789e-01 0.000000000000000000e+00 5.400000000000000000e+01 4.500000000000000000e+01
2.994996126617694224e-02 3.431449258707834349e-01 0.000000000000000000e+00 5.400000000000000000e+01 4.500000000000000000e+01
2.803615474592725809e-02 3.488074668544181023e-01 0.000000000000000000e+00 5.300000000000000000e+01 4.400000000000000000e+01
2.627317488232009876e-02 3.544700076674804912e-01 0.000000000000000000e+00 5.300000000000000000e+01 4.300000000000000000e+01
2.464697098590660357e-02 3.601325483013053663e-01 0.000000000000000000e+00 5.300000000000000000e+01 4.300000000000000000e+01
2.314499595531184853e-02 3.657950887398378481e-01 0.000000000000000000e+00 5.400000000000000000e+01 4.400000000000000000e+01
2.175602521993261207e-02 3.714576289982722823e-01 0.000000000000000000e+00 5.200000000000000000e+01 4.200000000000000000e+01
2.046999985350629256e-02 3.771201690433508835e-01 0.000000000000000000e+00 5.300000000000000000e+01 4.300000000000000000e+01
1.927789028026947321e-02 3.827827088734802041e-01 0.000000000000000000e+00 5.300000000000000000e+01 4.400000000000000000e+01
1.817157766892731757e-02 3.884452484761589663e-01 0.000000000000000000e+00 5.000000000000000000e+01 4.000000000000000000e+01
1.714375045932222189e-02 3.941077878424531500e-01 0.000000000000000000e+00 5.100000000000000000e+01 4.100000000000000000e+01
1.618781394471422233e-02 3.997703269516297842e-01 0.000000000000000000e+00 5.000000000000000000e+01 4.000000000000000000e+01
1.529781105431311447e-02 4.054328658336506241e-01 0.000000000000000000e+00 5.000000000000000000e+01 4.000000000000000000e+01
1.446835289468483346e-02 4.110954044287873366e-01 0.000000000000000000e+00 4.900000000000000000e+01 3.900000000000000000e+01
1.369455762564353134e-02 4.167579427578994578e-01 0.000000000000000000e+00 5.000000000000000000e+01 4.000000000000000000e+01
1.297199669151096434e-02 4.224204807854734511e-01 0.000000000000000000e+00 5.000000000000000000e+01 4.000000000000000000e+01
1.229664734044210762e-02 4.280830185054294579e-01 0.000000000000000000e+00 4.900000000000000000e+01 3.900000000000000000e+01
1.166485067713529319e-02 4.337455559302178520e-01 0.000000000000000000e+00 4.900000000000000000e+01 3.900000000000000000e+01
1.107327454987885873e-02 4.394080930146558872e-01 0.000000000000000000e+00 4.800000000000000000e+01 3.800000000000000000e+01
1.051888060826023513e-02 4.450706297436188841e-01 0.000000000000000000e+00 4.400000000000000000e+01 3.400000000000000000e+01
9.998895064529850912e-03 4.507331661306376303e-01 0.000000000000000000e+00 4.300000000000000000e+01 3.300000000000000000e+01
9.510782704995886933e-03 4.563957021513530554e-01 0.000000000000000000e+00 4.500000000000000000e+01 3.500000000000000000e+01
9.052223711391442149e-03 4.620582377816944697e-01 0.000000000000000000e+00 4.300000000000000000e+01 3.300000000000000000e+01
8.621092992578054809e-03 4.677207730359388416e-01 0.000000000000000000e+00 4.200000000000000000e+01 3.200000000000000000e+01
8.215441731816895687e-03 4.733833078541728190e-01 0.000000000000000000e+00 4.300000000000000000e+01 3.300000000000000000e+01
7.833480866647158855e-03 4.790458422847226339e-01 0.000000000000000000e+00 4.200000000000000000e+01 3.200000000000000000e+01
7.473566290721067075e-03 4.847083762572271803e-01 0.000000000000000000e+00 4.100000000000000000e+01 3.100000000000000000e+01
7.134185595050664477e-03 4.903709097063866373e-01 0.000000000000000000e+00 4.200000000000000000e+01 3.200000000000000000e+01
6.813946118963116680e-03 4.960334427501945087e-01 0.000000000000000000e+00 4.000000000000000000e+01 3.000000000000000000e+01
6.511564264687592224e-03 5.016959753640447550e-01 0.000000000000000000e+00 3.900000000000000000e+01 2.900000000000000000e+01
6.225855820532170612e-03 5.073585073468777074e-01 0.000000000000000000e+00 4.000000000000000000e+01 3.000000000000000000e+01
5.955727282765672058e-03 5.130210387135046846e-01 0.000000000000000000e+00 3.700000000000000000e+01 2.700000000000000000e+01
5.700167937606771644e-03 5.186835698135767725e-01 0.000000000000000000e+00 4.000000000000000000e+01 3.000000000000000000e+01
5.458242880041522596e-03 5.243461002803623261e-01 0.000000000000000000e+00 3.800000000000000000e+01 2.800000000000000000e+01
5.229086484067166536e-03 5.300086300440005616e-01 0.000000000000000000e+00 4.000000000000000000e+01 3.000000000000000000e+01
5.011888435620535237e-03 5.356713788256313169e-01 0.000000000000000000e+00 4.100000000000000000e+01 3.000000000000000000e+01
4.805929458753434129e-03 5.413336880352496161e-01 0.000000000000000000e+00 4.200000000000000000e+01 3.200000000000000000e+01
4.610486332052307103e-03 5.469964597334450174e-01 0.000000000000000000e+00 4.400000000000000000e+01 3.300000000000000000e+01
4.424950523607731369e-03 5.526587433938886518e-01 0.000000000000000000e+00 4.300000000000000000e+01 3.300000000000000000e+01
4.248701279313822632e-03 5.583212699009461044e-01 0.000000000000000000e+00 4.300000000000000000e+01 3.300000000000000000e+01
4.081192171221897751e-03 5.639837960115218207e-01 0.000000000000000000e+00 4.000000000000000000e+01 3.000000000000000000e+01
3.921906856332081810e-03 5.696463211529303461e-01 0.000000000000000000e+00 4.100000000000000000e+01 3.100000000000000000e+01
3.770364282232605783e-03 5.753088456443535836e-01 0.000000000000000000e+00 4.000000000000000000e+01 3.000000000000000000e+01
3.626115927087035680e-03 5.809713695294105307e-01 0.000000000000000000e+00 4.000000000000000000e+01 3.000000000000000000e+01
3.488743346591061719e-03 5.866338925215436317e-01 0.000000000000000000e+00 4.000000000000000000e+01 3.000000000000000000e+01
3.357855897845651860e-03 5.922964143994092767e-01 0.000000000000000000e+00 4.000000000000000000e+01 3.000000000000000000e+01
3.233088564261893134e-03 5.979589349139553534e-01 0.000000000000000000e+00 4.000000000000000000e+01 3.000000000000000000e+01
3.114100116524922812e-03 6.036214564868824795e-01 0.000000000000000000e+00 4.100000000000000000e+01 3.200000000000000000e+01
3.000571413739468087e-03 6.092839753508083600e-01 0.000000000000000000e+00 4.300000000000000000e+01 3.400000000000000000e+01
2.892203653849450586e-03 6.149464946120865028e-01 0.000000000000000000e+00 4.100000000000000000e+01 3.200000000000000000e+01
2.788716992186624638e-03 6.206090120905830565e-01 0.000000000000000000e+00 4.000000000000000000e+01 3.100000000000000000e+01
2.689849126300023624e-03 6.262715293226372992e-01 0.000000000000000000e+00 4.300000000000000000e+01 3.500000000000000000e+01
2.595354164088663901e-03 6.319340443594650969e-01 0.000000000000000000e+00 4.000000000000000000e+01 3.200000000000000000e+01
2.505001219764285084e-03 6.375965598212478547e-01 0.000000000000000000e+00 4.300000000000000000e+01 3.400000000000000000e+01
2.418573696685712409e-03 6.432590737817129867e-01 0.000000000000000000e+00 4.100000000000000000e+01 3.200000000000000000e+01
2.335867997841044753e-03 6.489215855922626508e-01 0.000000000000000000e+00 4.300000000000000000e+01 3.400000000000000000e+01
2.256692827407198124e-03 6.545840973164486210e-01 0.000000000000000000e+00 4.000000000000000000e+01 3.300000000000000000e+01
2.180868243788490132e-03 6.602466088138467804e-01 0.000000000000000000e+00 4.100000000000000000e+01 3.400000000000000000e+01
2.108224995448792962e-03 6.659091159309213914e-01 0.000000000000000000e+00 4.500000000000000000e+01 3.900000000000000000e+01
2.038603591573442085e-03 6.715716261962312306e-01 0.000000000000000000e+00 4.500000000000000000e+01 3.600000000000000000e+01
1.971854015449453230e-03 6.772341312794208923e-01 0.000000000000000000e+00 4.600000000000000000e+01 3.700000000000000000e+01
1.907834722007476988e-03 6.828966354808776451e-01 0.000000000000000000e+00 4.300000000000000000e+01 3.800000000000000000e+01
1.846412337795033231e-03 6.885591397899536448e-01 0.000000000000000000e+00 4.300000000000000000e+01 3.500000000000000000e+01
1.787460931942218322e-03 6.942216436588629636e-01 0.000000000000000000e+00 4.500000000000000000e+01 3.900000000000000000e+01
1.730861950554025671e-03 6.998841342710308000e-01 0.000000000000000000e+00 4.300000000000000000e+01 3.800000000000000000e+01
1.676502844757799156e-03 7.055466464954077699e-01 0.000000000000000000e+00 4.200000000000000000e+01 3.800000000000000000e+01
1.624278026711683479e-03 7.112091420223984883e-01 0.000000000000000000e+00 4.400000000000000000e+01 3.900000000000000000e+01
1.574087178054356688e-03 7.168716425186762997e-01 0.000000000000000000e+00 4.300000000000000000e+01 4.200000000000000000e+01
1.525835720586787847e-03 7.225341408050776071e-01 0.000000000000000000e+00 4.400000000000000000e+01 3.800000000000000000e+01
1.479433960312528766e-03 7.281966327892063218e-01 0.000000000000000000e+00 4.200000000000000000e+01 3.800000000000000000e+01
1.434797247354698598e-03 7.338591160184407824e-01 0.000000000000000000e+00 4.400000000000000000e+01 3.700000000000000000e+01
1.391845134313505908e-03 7.395216170602745276e-01 0.000000000000000000e+00 4.300000000000000000e+01 3.600000000000000000e+01
1.350501720657352198e-03 7.451840994763633264e-01 0.000000000000000000e+00 4.300000000000000000e+01 4.700000000000000000e+01
1.310694798819300039e-03 7.508465964589078334e-01 0.000000000000000000e+00 4.500000000000000000e+01 4.900000000000000000e+01
1.272356326789861975e-03 7.565090688241957739e-01 0.000000000000000000e+00 4.700000000000000000e+01 5.500000000000000000e+01
1.235421493389665931e-03 7.621715481187610886e-01 0.000000000000000000e+00 4.400000000000000000e+01 5.700000000000000000e+01
1.199829127376771153e-03 7.678340071474265560e-01 0.000000000000000000e+00 4.300000000000000000e+01 5.300000000000000000e+01
1.165519720891958167e-03 7.734965076651361127e-01 0.000000000000000000e+00 4.500000000000000000e+01 5.700000000000000000e+01
1.132438867716581031e-03 7.791589957026681112e-01 0.000000000000000000e+00 4.400000000000000000e+01 5.700000000000000000e+01
1.100534030600958633e-03 7.848214641715903772e-01 0.000000000000000000e+00 4.500000000000000000e+01 6.300000000000000000e+01
1.069754874458660014e-03 7.904839640162257819e-01 0.000000000000000000e+00 4.700000000000000000e+01 6.400000000000000000e+01
1.040056180118101564e-03 7.961462933616459958e-01 0.000000000000000000e+00 4.600000000000000000e+01 6.400000000000000000e+01
1.011389756502436990e-03 8.018088403564029853e-01 0.000000000000000000e+00 4.500000000000000000e+01 5.800000000000000000e+01
9.837207091059523359e-04 8.074710999388803323e-01 0.000000000000000000e+00 4.600000000000000000e+01 5.600000000000000000e+01
9.570041979277842028e-04 8.131338722139229702e-01 0.000000000000000000e+00 4.400000000000000000e+01 5.700000000000000000e+01
9.312104800305283717e-04 8.187960534895456499e-01 0.000000000000000000e+00 4.600000000000000000e+01 6.100000000000000000e+01
9.063028547930497081e-04 8.244568198301468476e-01 0.000000000000000000e+00 4.900000000000000000e+01 6.100000000000000000e+01
8.822310074644954155e-04 8.301198625832881817e-01 0.000000000000000000e+00 4.600000000000000000e+01 5.700000000000000000e+01
8.589697971600700590e-04 8.357825121790917189e-01 0.000000000000000000e+00 4.400000000000000000e+01 5.800000000000000000e+01
8.364896146322719920e-04 8.414451753233963549e-01 0.000000000000000000e+00 4.500000000000000000e+01 6.000000000000000000e+01
8.147578126143979098e-04 8.471074888097580580e-01 0.000000000000000000e+00 4.300000000000000000e+01 5.700000000000000000e+01
7.938539184222144366e-04 8.527595718080397402e-01 0.000000000000000000e+00 3.900000000000000000e+01 5.000000000000000000e+01
7.734140678399074572e-04 8.584330530817262384e-01 0.000000000000000000e+00 4.500000000000000000e+01 6.000000000000000000e+01
7.537504087791380061e-04 8.640952303430400327e-01 0.000000000000000000e+00 4.100000000000000000e+01 5.700000000000000000e+01
7.347235686378987638e-04 8.697572609640756847e-01 0.000000000000000000e+00 4.200000000000000000e+01 5.900000000000000000e+01
7.164676870417620606e-04 8.754052792848002751e-01 0.000000000000000000e+00 3.900000000000000000e+01 4.800000000000000000e+01
6.986499805129720020e-04 8.810681796587879200e-01 0.000000000000000000e+00 4.300000000000000000e+01 5.600000000000000000e+01
6.812252436332662687e-04 8.867445687334072346e-01 0.000000000000000000e+00 4.500000000000000000e+01 6.200000000000000000e+01
6.645169372092124506e-04 8.924065724736502947e-01 0.000000000000000000e+00 4.500000000000000000e+01 5.300000000000000000e+01
6.483391656753398216e-04 8.980689026732447955e-01 0.000000000000000000e+00 4.300000000000000000e+01 5.500000000000000000e+01
6.328985014195025009e-04 9.037157890659273107e-01 0.000000000000000000e+00 3.900000000000000000e+01 5.200000000000000000e+01
6.174992128112537313e-04 9.093930195838061392e-01 0.000000000000000000e+00 3.600000000000000000e+01 4.300000000000000000e+01
6.030563566464628312e-04 9.150394455878499977e-01 0.000000000000000000e+00 3.200000000000000000e+01 3.700000000000000000e+01
5.888409327524814609e-04 9.207007822426613863e-01 0.000000000000000000e+00 3.800000000000000000e+01 4.300000000000000000e+01
5.750502497818252333e-04 9.263629045124472938e-01 0.000000000000000000e+00 3.800000000000000000e+01 4.500000000000000000e+01
5.617193785681149189e-04 9.320235755295521729e-01 0.000000000000000000e+00 3.800000000000000000e+01 4.200000000000000000e+01
5.487823133077188989e-04 9.376855736303710831e-01 0.000000000000000000e+00 3.800000000000000000e+01 4.200000000000000000e+01
5.362688575779267584e-04 9.433463327172717516e-01 0.000000000000000000e+00 3.600000000000000000e+01 3.900000000000000000e+01
5.241765202722911817e-04 9.490080829689372388e-01 0.000000000000000000e+00 2.900000000000000000e+01 3.500000000000000000e+01
5.124079692889192987e-04 9.546710354295169232e-01 0.000000000000000000e+00 3.000000000000000000e+01 3.500000000000000000e+01
5.012414107270388944e-04 9.603250279258503941e-01 0.000000000000000000e+00 2.700000000000000000e+01 3.000000000000000000e+01
4.901230071361453765e-04 9.659930976464895513e-01 0.000000000000000000e+00 2.700000000000000000e+01 3.000000000000000000e+01
4.832037485982695023e-04 9.715213051186371018e-01 0.000000000000000000e+00 2.300000000000000000e+01 2.400000000000000000e+01
4.732768991403937722e-04 9.772566249989315113e-01 0.000000000000000000e+00 2.200000000000000000e+01 2.100000000000000000e+01
4.640867738450149787e-04 9.829916550682685772e-01 0.000000000000000000e+00 2.900000000000000000e+01 2.800000000000000000e+01
4.528835060589836794e-04 9.886581479975186104e-01 0.000000000000000000e+00 2.200000000000000000e+01 2.200000000000000000e+01
4.458958111744701770e-04 9.922622577064588167e-01 0.000000000000000000e+00 2.300000000000000000e+01 2.400000000000000000e+01
