# energyFactor	econcomicFactor	constraintViolation	iteration	functionCalls
8.293347817663156984e-01 1.518023291155527199e-01 1.183852888196001985e-03 9.000000000000000000e+00 4.800000000000000000e+01
7.170980785572603766e-01 1.574514167082651794e-01 1.170396989090827233e-03 5.000000000000000000e+00 2.500000000000000000e+01
6.288477105069107953e-01 1.622383140740642216e-01 2.947508630722628364e-04 3.200000000000000000e+01 2.950000000000000000e+02
5.446743550399166800e-01 1.688208807681727819e-01 1.214774065363216637e-03 3.000000000000000000e+00 8.000000000000000000e+00
4.552053578530942946e-01 1.763813849218917318e-01 3.112734727264532264e-03 1.000000000000000000e+01 5.000000000000000000e+01
4.189650134506922585e-01 1.799846505489966220e-01 1.053456862551788165e-03 4.000000000000000000e+00 1.100000000000000000e+01
3.669529808814296912e-01 1.854140614312694280e-01 8.203242530069876359e-04 1.000000000000000000e+01 5.100000000000000000e+01
3.223955912583514327e-01 1.910717318946280330e-01 8.154512245479583754e-04 3.900000000000000000e+01 3.170000000000000000e+02
2.869613301947053774e-01 1.966205674627169164e-01 7.017433008192075494e-04 9.000000000000000000e+00 4.100000000000000000e+01
2.549329946241626343e-01 2.024576310856286698e-01 8.762634319133544292e-04 9.000000000000000000e+00 3.800000000000000000e+01
2.285457686566637059e-01 2.080494197051558081e-01 8.055085596228583888e-04 9.000000000000000000e+00 3.800000000000000000e+01
2.057242665660263536e-01 2.135440289777665590e-01 6.375743404159750494e-04 1.400000000000000000e+01 6.500000000000000000e+01
1.854318840586760553e-01 2.191922319117747264e-01 6.232337826065637021e-04 1.100000000000000000e+01 4.900000000000000000e+01
1.679513573649668023e-01 2.247976080228361873e-01 5.660664018503902550e-04 1.300000000000000000e+01 6.100000000000000000e+01
1.507008156223920148e-01 2.304645365276891122e-01 5.704514148856809630e-04 1.130000000000000000e+02 6.450000000000000000e+02
1.380418212332225891e-01 2.366660326071954867e-01 1.109404002574448933e-03 8.900000000000000000e+01 4.940000000000000000e+02
1.238573806317556647e-01 2.418581725847097630e-01 6.390004882710909051e-04 2.800000000000000000e+01 1.150000000000000000e+02
1.442959155038252561e-01 2.328720280263409659e-01 0.000000000000000000e+00 2.500000000000000000e+02 1.061000000000000000e+03
1.048659523644919350e-01 2.521640650015447016e-01 0.000000000000000000e+00 2.500000000000000000e+02 9.910000000000000000e+02
9.691040579400458932e-02 2.588033893480466419e-01 5.965867761550947002e-04 3.500000000000000000e+01 1.500000000000000000e+02
1.200856814663748551e-01 2.466202303449149813e-01 0.000000000000000000e+00 2.500000000000000000e+02 1.021000000000000000e+03
9.269545685230708154e-02 2.627624216837305959e-01 0.000000000000000000e+00 2.500000000000000000e+02 9.630000000000000000e+02
8.444034418217455373e-02 2.741090473534413263e-01 0.000000000000000000e+00 2.500000000000000000e+02 9.510000000000000000e+02
7.199943745345330215e-02 2.816339965543910862e-01 7.770200152290573925e-04 1.100000000000000000e+01 5.400000000000000000e+01
6.505557026410767330e-02 2.873177406091781405e-01 7.982205781985052262e-04 8.000000000000000000e+00 3.500000000000000000e+01
5.921715282908202038e-02 2.928881479306565949e-01 7.060844078593531137e-04 8.000000000000000000e+00 3.600000000000000000e+01
5.399571215562252308e-02 2.986947647907138292e-01 8.501577760989253996e-04 7.000000000000000000e+00 3.200000000000000000e+01
1.030712985743412746e-01 3.052624294371862335e-01 1.755278930753723099e-03 2.500000000000000000e+02 2.001000000000000000e+03
1.071054833236337461e-01 3.034170806196763159e-01 0.000000000000000000e+00 2.500000000000000000e+02 2.987000000000000000e+03
7.297179096885375582e-02 3.158794266447095267e-01 1.047189154641747777e-03 2.500000000000000000e+02 1.448000000000000000e+03
5.908703812462880872e-02 3.222367282049321546e-01 1.741947223046824700e-03 3.000000000000000000e+00 2.000000000000000000e+01
4.815425511983217194e-02 3.265877754619641582e-01 4.304509882611662341e-04 1.100000000000000000e+01 7.300000000000000000e+01
1.323111388092151897e-01 3.322608432246463295e-01 4.409752591257309895e-04 2.500000000000000000e+02 1.570000000000000000e+03
4.449853184791571076e-02 3.382880839843477316e-01 8.056725270095266289e-04 1.600000000000000000e+01 6.700000000000000000e+01
6.032559962619756661e-02 3.474148067433253106e-01 4.269851794169443604e-03 2.500000000000000000e+02 2.894000000000000000e+03
4.466736573402149690e-02 3.530327118239848239e-01 4.225213383011350299e-03 2.000000000000000000e+00 1.700000000000000000e+01
3.751092818891057362e-02 3.571955819983307356e-01 2.725540065539655554e-03 2.000000000000000000e+00 1.700000000000000000e+01
8.044767044452298677e-02 3.631022676633923751e-01 2.969682238783633021e-03 2.500000000000000000e+02 2.711000000000000000e+03
2.656750534273939063e-02 3.663412732188426890e-01 5.461443024163403770e-04 2.100000000000000000e+01 9.300000000000000000e+01
2.280428719519405831e-02 3.733981396487583981e-01 1.940467240514442970e-03 3.000000000000000000e+00 1.900000000000000000e+01
2.112230653650497628e-02 3.781091923104695218e-01 9.889764104079046270e-04 7.000000000000000000e+00 4.300000000000000000e+01
1.964176730242430530e-02 3.839904518290199742e-01 1.207692437140750474e-03 5.000000000000000000e+00 2.500000000000000000e+01
1.845370411096929411e-02 3.893994720461306791e-01 9.541691624338488609e-04 5.000000000000000000e+00 2.500000000000000000e+01
1.718522590064427633e-02 3.956536811586631730e-01 1.545834783148680724e-03 1.000000000000000000e+01 5.000000000000000000e+01
1.630065199630864256e-02 4.007437966942802299e-01 9.734068269481310764e-04 6.000000000000000000e+00 2.900000000000000000e+01
1.542876363132582133e-02 4.062459649266361716e-01 8.130315674865218334e-04 7.000000000000000000e+00 3.200000000000000000e+01
1.446903817565049766e-02 4.124561732627410882e-01 1.360696411773720804e-03 1.300000000000000000e+01 6.500000000000000000e+01
1.381151396755705280e-02 4.174505040778663800e-01 6.924837350814616599e-04 8.000000000000000000e+00 3.600000000000000000e+01
1.310708674479905619e-02 4.232320362568743333e-01 8.114724222718083801e-04 9.000000000000000000e+00 3.700000000000000000e+01
1.246612872428418291e-02 4.288622458780708691e-01 7.791385516506821318e-04 1.700000000000000000e+01 8.900000000000000000e+01
1.189141868587411700e-02 4.343444499818246984e-01 5.987991635869049922e-04 1.000000000000000000e+01 4.000000000000000000e+01
1.134193696113026430e-02 4.399572149815523248e-01 5.490206714969247948e-04 1.100000000000000000e+01 4.300000000000000000e+01
1.082013799777357087e-02 4.456567207573357559e-01 5.859829554626938553e-04 1.200000000000000000e+01 4.600000000000000000e+01
1.034510971507797937e-02 4.511922727265452737e-01 4.589914328546051969e-04 1.300000000000000000e+01 5.000000000000000000e+01
9.891680031454708547e-03 4.568119758001797925e-01 4.161510146715174940e-04 1.400000000000000000e+01 5.300000000000000000e+01
9.462171149652030475e-03 4.624672439593798257e-01 4.088756820538885783e-04 1.500000000000000000e+01 5.600000000000000000e+01
9.056374507629647366e-03 4.681357144082520239e-01 4.148026391084802533e-04 1.600000000000000000e+01 5.900000000000000000e+01
8.645280284383450795e-03 4.740524572500106615e-01 6.690019890495113586e-04 3.600000000000000000e+01 1.890000000000000000e+02
8.305290398630458398e-03 4.793963839290155127e-01 3.503851762367005129e-04 1.700000000000000000e+01 6.200000000000000000e+01
7.966679079096343138e-03 4.850086466340947089e-01 3.001043894982902138e-04 1.900000000000000000e+01 6.800000000000000000e+01
7.642133920828029885e-03 4.906832457069104647e-01 3.121599704964950206e-04 2.000000000000000000e+01 7.100000000000000000e+01
7.335683404866282821e-03 4.963318653387414070e-01 2.982361105097197651e-04 2.100000000000000000e+01 7.400000000000000000e+01
7.045592415604334628e-03 5.019622060069982572e-01 2.660332869489634433e-04 2.200000000000000000e+01 7.700000000000000000e+01
6.765526038774832308e-03 5.076818635753236331e-01 3.231473634567327835e-04 2.300000000000000000e+01 7.900000000000000000e+01
6.501804597293035261e-03 5.133464740809250415e-01 3.252143772405347022e-04 2.400000000000000000e+01 8.200000000000000000e+01
6.253055101258379704e-03 5.189592666674400778e-01 2.754634719379644991e-04 2.500000000000000000e+01 8.500000000000000000e+01
6.016605927775718621e-03 5.245590660995617105e-01 2.127194122418796240e-04 2.700000000000000000e+01 9.300000000000000000e+01
5.787022243922477875e-03 5.302625415006854137e-01 2.536513215479763161e-04 2.800000000000000000e+01 9.400000000000000000e+01
5.571013426117979971e-03 5.358901376478305556e-01 2.187039768755116853e-04 2.900000000000000000e+01 9.700000000000000000e+01
5.364490043163894738e-03 5.415279653416879002e-01 1.939881789152497760e-04 3.100000000000000000e+01 1.040000000000000000e+02
5.166742146136478996e-03 5.471814878505234514e-01 1.849671959331944393e-04 3.200000000000000000e+01 1.060000000000000000e+02
4.978060641141575024e-03 5.528287649527601211e-01 1.697008063522575938e-04 3.400000000000000000e+01 1.130000000000000000e+02
4.797608411864082850e-03 5.584802603646399355e-01 1.586527264143544613e-04 3.600000000000000000e+01 1.210000000000000000e+02
4.623778514775179344e-03 5.641747449102738621e-01 1.905937802307855478e-04 3.700000000000000000e+01 1.210000000000000000e+02
4.459787928501213194e-03 5.697917343813314606e-01 1.450397594707775184e-04 3.900000000000000000e+01 1.290000000000000000e+02
4.301748109429623552e-03 5.754479383027930606e-01 1.387001891146599775e-04 4.100000000000000000e+01 1.350000000000000000e+02
4.150417526219153316e-03 5.811058718353067087e-01 1.340902298107016222e-04 4.200000000000000000e+01 1.360000000000000000e+02
4.005137133590765813e-03 5.867785303677214293e-01 1.442052704078156111e-04 4.400000000000000000e+01 1.420000000000000000e+02
3.865889397879991498e-03 5.924552054889561381e-01 1.583368998249179427e-04 4.600000000000000000e+01 1.480000000000000000e+02
3.732580396240635888e-03 5.981273051562236986e-01 1.678930752748719613e-04 4.800000000000000000e+01 1.540000000000000000e+02
3.606260224478783673e-03 6.037338347987029064e-01 1.118792259364731478e-04 5.000000000000000000e+01 1.610000000000000000e+02
3.484021772067901705e-03 6.093908588600245313e-01 1.063597954403805446e-04 5.300000000000000000e+01 1.700000000000000000e+02
3.366525061033365414e-03 6.150601385658632791e-01 1.130960094615218736e-04 5.500000000000000000e+01 1.760000000000000000e+02
3.253346566350226975e-03 6.207527940809818290e-01 1.432080327624651872e-04 5.700000000000000000e+01 1.810000000000000000e+02
3.145481104275720755e-03 6.264066183112145803e-01 1.344887711776099337e-04 5.900000000000000000e+01 1.870000000000000000e+02
3.042381745639242876e-03 6.320352845690899724e-01 1.006115372353955095e-04 6.100000000000000000e+01 1.930000000000000000e+02
2.942331915248905163e-03 6.377234744438216030e-01 1.262579201494196113e-04 6.400000000000000000e+01 2.020000000000000000e+02
2.846868267475273061e-03 6.433745905754957306e-01 1.148305600058296960e-04 6.600000000000000000e+01 2.080000000000000000e+02
2.755501215972935760e-03 6.490034024393551704e-01 8.109893204777396392e-05 6.900000000000000000e+01 2.190000000000000000e+02
2.667230209100106622e-03 6.546614841665937545e-01 7.663716746875159913e-05 7.100000000000000000e+01 2.180000000000000000e+02
2.581938031005685200e-03 6.603494667824264530e-01 1.020762914837325397e-04 7.400000000000000000e+01 2.320000000000000000e+02
2.500631782749872852e-03 6.659890147014052575e-01 7.908071864493049219e-05 7.600000000000000000e+01 2.380000000000000000e+02
2.422088574183993079e-03 6.716533465005902759e-01 8.086902601234235988e-05 7.900000000000000000e+01 2.470000000000000000e+02
2.346744397423297830e-03 6.773016563093551268e-01 6.663534295958672971e-05 8.200000000000000000e+01 2.570000000000000000e+02
2.274054174728059891e-03 6.829649097027284954e-01 6.734524451534884548e-05 8.500000000000000000e+01 2.660000000000000000e+02
2.204154766671412389e-03 6.886233620598195548e-01 6.325410978880174895e-05 8.800000000000000000e+01 2.760000000000000000e+02
2.136818111941891918e-03 6.942858462554573062e-01 6.319481360883560939e-05 9.000000000000000000e+01 2.800000000000000000e+02
2.071843579035463970e-03 6.999606210211368751e-01 7.542608747079793119e-05 9.300000000000000000e+01 2.890000000000000000e+02
2.009632271711593240e-03 7.056021617876069296e-01 5.442336212324594413e-05 9.600000000000000000e+01 3.000000000000000000e+02
1.949467822535475145e-03 7.112655122553634968e-01 5.523033806220656317e-05 9.900000000000000000e+01 3.090000000000000000e+02
1.891325844187574570e-03 7.169460052495527647e-01 7.317984043386793758e-05 1.010000000000000000e+02 3.130000000000000000e+02
1.835708500081796417e-03 7.225841898194220736e-01 4.882091848557035263e-05 1.030000000000000000e+02 3.200000000000000000e+02
1.781759782960812884e-03 7.282574724538013466e-01 5.956006104712585625e-05 1.050000000000000000e+02 3.250000000000000000e+02
1.729897918401785816e-03 7.339141167245699648e-01 5.366083999824855510e-05 1.060000000000000000e+02 3.280000000000000000e+02
1.679916141377745279e-03 7.395668387972819113e-01 4.383942089258852093e-05 1.070000000000000000e+02 3.330000000000000000e+02
1.631566909034221904e-03 7.452357408389210791e-01 5.019797071403875321e-05 1.050000000000000000e+02 3.250000000000000000e+02
1.585003471040795538e-03 7.508947751935954873e-01 4.668883357095143793e-05 1.000000000000000000e+02 3.100000000000000000e+02
1.540085118323627003e-03 7.565522280404045619e-01 4.159818856230845796e-05 8.800000000000000000e+01 2.750000000000000000e+02
1.496692595106724087e-03 7.622157079662124080e-01 4.253462255254802926e-05 5.200000000000000000e+01 1.670000000000000000e+02
1.475801169002156129e-03 7.650149466727395042e-01 0.000000000000000000e+00 3.000000000000000000e+00 7.000000000000000000e+00
1.475801169002156129e-03 7.650149466727395042e-01 0.000000000000000000e+00 1.000000000000000000e+00 3.000000000000000000e+00
1.475801169002156129e-03 7.650149466727395042e-01 0.000000000000000000e+00 1.000000000000000000e+00 3.000000000000000000e+00
1.475801169002156129e-03 7.650149466727395042e-01 0.000000000000000000e+00 1.000000000000000000e+00 3.000000000000000000e+00
1.475801169002156129e-03 7.650149466727395042e-01 0.000000000000000000e+00 1.000000000000000000e+00 3.000000000000000000e+00
1.475801169002156129e-03 7.650149466727395042e-01 0.000000000000000000e+00 1.000000000000000000e+00 3.000000000000000000e+00
1.475801169002156129e-03 7.650149466727395042e-01 0.000000000000000000e+00 1.000000000000000000e+00 3.000000000000000000e+00
1.475801169002156129e-03 7.650149466727395042e-01 0.000000000000000000e+00 1.000000000000000000e+00 3.000000000000000000e+00
1.475801169002156129e-03 7.650149466727395042e-01 0.000000000000000000e+00 1.000000000000000000e+00 3.000000000000000000e+00
1.475801169002156129e-03 7.650149466727395042e-01 0.000000000000000000e+00 1.000000000000000000e+00 3.000000000000000000e+00
1.475801169002156129e-03 7.650149466727395042e-01 0.000000000000000000e+00 1.000000000000000000e+00 3.000000000000000000e+00
1.475801169002156129e-03 7.650149466727395042e-01 0.000000000000000000e+00 1.000000000000000000e+00 3.000000000000000000e+00
1.475801169002156129e-03 7.650149466727395042e-01 0.000000000000000000e+00 1.000000000000000000e+00 3.000000000000000000e+00
1.475801169002156129e-03 7.650149466727395042e-01 0.000000000000000000e+00 1.000000000000000000e+00 3.000000000000000000e+00
1.475801169002156129e-03 7.650149466727395042e-01 0.000000000000000000e+00 1.000000000000000000e+00 3.000000000000000000e+00
1.475801169002156129e-03 7.650149466727395042e-01 0.000000000000000000e+00 1.000000000000000000e+00 3.000000000000000000e+00
1.475801169002156129e-03 7.650149466727395042e-01 0.000000000000000000e+00 1.000000000000000000e+00 3.000000000000000000e+00
1.475801169002156129e-03 7.650149466727395042e-01 0.000000000000000000e+00 1.000000000000000000e+00 3.000000000000000000e+00
1.475801169002156129e-03 7.650149466727395042e-01 0.000000000000000000e+00 1.000000000000000000e+00 3.000000000000000000e+00
1.475801169002156129e-03 7.650149466727395042e-01 0.000000000000000000e+00 1.000000000000000000e+00 3.000000000000000000e+00
1.475801169002156129e-03 7.650149466727395042e-01 0.000000000000000000e+00 1.000000000000000000e+00 3.000000000000000000e+00
1.475801169002156129e-03 7.650149466727395042e-01 0.000000000000000000e+00 1.000000000000000000e+00 3.000000000000000000e+00
1.475801169002156129e-03 7.650149466727395042e-01 0.000000000000000000e+00 1.000000000000000000e+00 3.000000000000000000e+00
1.475801169002156129e-03 7.650149466727395042e-01 0.000000000000000000e+00 1.000000000000000000e+00 3.000000000000000000e+00
1.475801169002156129e-03 7.650149466727395042e-01 0.000000000000000000e+00 1.000000000000000000e+00 3.000000000000000000e+00
1.475801169002156129e-03 7.650149466727395042e-01 0.000000000000000000e+00 1.000000000000000000e+00 3.000000000000000000e+00
1.475801169002156129e-03 7.650149466727395042e-01 0.000000000000000000e+00 1.000000000000000000e+00 3.000000000000000000e+00
1.475801169002156129e-03 7.650149466727395042e-01 0.000000000000000000e+00 1.000000000000000000e+00 3.000000000000000000e+00
1.475801169002156129e-03 7.650149466727395042e-01 0.000000000000000000e+00 1.000000000000000000e+00 3.000000000000000000e+00
1.475801169002156129e-03 7.650149466727395042e-01 0.000000000000000000e+00 1.000000000000000000e+00 3.000000000000000000e+00
1.475801169002156129e-03 7.650149466727395042e-01 0.000000000000000000e+00 1.000000000000000000e+00 3.000000000000000000e+00
1.475801169002156129e-03 7.650149466727395042e-01 0.000000000000000000e+00 1.000000000000000000e+00 3.000000000000000000e+00
1.475801169002156129e-03 7.650149466727395042e-01 0.000000000000000000e+00 1.000000000000000000e+00 3.000000000000000000e+00
1.475801169002156129e-03 7.650149466727395042e-01 0.000000000000000000e+00 1.000000000000000000e+00 3.000000000000000000e+00
1.475801169002156129e-03 7.650149466727395042e-01 0.000000000000000000e+00 1.000000000000000000e+00 3.000000000000000000e+00
1.475801169002156129e-03 7.650149466727395042e-01 0.000000000000000000e+00 1.000000000000000000e+00 3.000000000000000000e+00
1.475801169002156129e-03 7.650149466727395042e-01 0.000000000000000000e+00 1.000000000000000000e+00 3.000000000000000000e+00
1.475801169002156129e-03 7.650149466727395042e-01 0.000000000000000000e+00 1.000000000000000000e+00 3.000000000000000000e+00
1.475801169002156129e-03 7.650149466727395042e-01 0.000000000000000000e+00 1.000000000000000000e+00 3.000000000000000000e+00
1.475801169002156129e-03 7.650149466727395042e-01 0.000000000000000000e+00 1.000000000000000000e+00 3.000000000000000000e+00
1.475801169002156129e-03 7.650149466727395042e-01 0.000000000000000000e+00 1.000000000000000000e+00 3.000000000000000000e+00
